Hour,T
1,6.1
2,6.1
3,5.5
4,5.1
5,4.5
6,4.3
7,4.2
8,3.9
9,3.9
10,4.4
11,4.4
12,4.1
13,3.9
14,3.8
15,3.8
16,3.7
17,3.7
18,4.1
19,4.6
20,4.9
21,5.1
22,6.3
23,8
24,8
25,7.3
26,6.9
27,6.8
28,7.1
29,6.7
30,6.6
31,7
32,7
33,6.8
34,6.7
35,6.7
36,6.4
37,6.5
38,3
39,1.7
40,0.4
41,0
42,-0.3
43,-0.8
44,-1
45,-1.5
46,-2
47,-2.3
48,-2.7
49,-2.9
50,-3
51,-2.9
52,-3
53,-3.4
54,-4.3
55,-4.5
56,-5
57,-5
58,-2.8
59,0
60,1.7
61,4.2
62,4.3
63,4.3
64,3.4
65,2.4
66,1.2
67,1
68,1.7
69,1.8
70,0.6
71,1.5
72,1.3
73,1.6
74,1.4
75,2
76,1.4
77,1.6
78,1.4
79,2
80,2.2
81,1.8
82,1.7
83,2
84,2
85,1.8
86,2.2
87,2.4
88,2.4
89,1.9
90,1.9
91,2
92,2.1
93,2.8
94,3.5
95,4.4
96,4.6
97,5.4
98,6.1
99,6.4
100,5.9
101,5.9
102,5.5
103,5.1
104,5.8
105,5.9
106,6.1
107,6.7
108,6.9
109,6.8
110,6.6
111,6.6
112,6.6
113,6.1
114,6.4
115,6.3
116,6.2
117,6.2
118,6.5
119,5.8
120,5.5
121,5.8
122,5.6
123,5
124,5.4
125,3.9
126,4.3
127,3.9
128,3.6
129,2.8
130,3.1
131,3.3
132,3.4
133,3.6
134,4.8
135,4.5
136,2.3
137,1.6
138,1.1
139,0
140,-0.4
141,-0.7
142,-0.6
143,-1.1
144,-1.1
145,-1
146,-1.1
147,-1.8
148,-1.7
149,-2
150,-1.9
151,-1.9
152,-2
153,-1.9
154,-1.5
155,-0.6
156,-0.6
157,-1.6
158,-1.4
159,-1.4
160,-1.7
161,-1.8
162,-2
163,-2
164,-2
165,-2
166,-2.1
167,-2.9
168,-3.7
169,-4.3
170,-6.2
171,-6.3
172,-7
173,-7.4
174,-6.6
175,-6.5
176,-5.6
177,-5.2
178,-4.9
179,-3.4
180,-2.5
181,-1.5
182,-0.6
183,-0.3
184,-0.3
185,-0.1
186,0.1
187,0.4
188,0.7
189,0.7
190,0.7
191,0.5
192,0.1
193,0
194,0
195,0
196,-0.3
197,-0.9
198,-0.6
199,-0.9
200,-0.8
201,-0.8
202,-0.7
203,-0.5
204,-0.4
205,-0.2
206,-0.4
207,-0.5
208,-0.7
209,-0.6
210,-0.9
211,-1
212,-0.9
213,-1.1
214,-1.2
215,-1.2
216,-1.9
217,-3.4
218,-4.3
219,-5.2
220,-5.8
221,-6.7
222,-7.1
223,-7.5
224,-8.4
225,-8.3
226,-7.9
227,-7.5
228,-7.6
229,-7.9
230,-7.1
231,-7
232,-7.1
233,-7.6
234,-7.9
235,-7.7
236,-8.2
237,-8.6
238,-8.5
239,-8.6
240,-8.8
241,-9
242,-9.3
243,-9.8
244,-10.2
245,-10.6
246,-11
247,-11.3
248,-11.7
249,-11.9
250,-11.2
251,-11.1
252,-10.7
253,-10.2
254,-10.2
255,-10.1
256,-10.5
257,-11.3
258,-11.5
259,-12
260,-12.5
261,-12.9
262,-12.9
263,-12.8
264,-13
265,-13
266,-13.2
267,-14.2
268,-14
269,-13.5
270,-13.8
271,-13.2
272,-12.7
273,-12.1
274,-11.1
275,-10
276,-9.4
277,-8.6
278,-8.2
279,-8
280,-8.3
281,-8.6
282,-9
283,-9.6
284,-10.1
285,-10.2
286,-10
287,-10.1
288,-10.3
289,-9
290,-9.1
291,-9.2
292,-8.6
293,-8.5
294,-8.4
295,-8.6
296,-8.5
297,-8.4
298,-8
299,-7.9
300,-7.6
301,-7.2
302,-7.4
303,-7.1
304,-7.2
305,-8.3
306,-8.9
307,-9.4
308,-9.8
309,-10.7
310,-12.5
311,-13.4
312,-14.1
313,-14.5
314,-14.8
315,-15
316,-15
317,-15.1
318,-15.1
319,-15
320,-15.1
321,-15.1
322,-15.1
323,-14
324,-13.3
325,-11.8
326,-10.9
327,-11.4
328,-11.6
329,-12
330,-12.2
331,-12.5
332,-12.4
333,-12
334,-11.9
335,-12
336,-11.6
337,-11.4
338,-11.2
339,-11.4
340,-11.7
341,-11.7
342,-12
343,-11.9
344,-11.5
345,-11.3
346,-10.8
347,-9.8
348,-9.2
349,-8.3
350,-7.7
351,-7.6
352,-7.5
353,-7.2
354,-7
355,-7
356,-7.3
357,-7.5
358,-7.9
359,-8.1
360,-8.3
361,-8.3
362,-8.1
363,-8
364,-8
365,-7.5
366,-7.2
367,-7.3
368,-7.3
369,-7.5
370,-7.7
371,-7.8
372,-7.7
373,-7.6
374,-7.3
375,-7.5
376,-7.3
377,-7.2
378,-7
379,-6.9
380,-6.9
381,-6.9
382,-7
383,-6.9
384,-6.9
385,-7
386,-6.9
387,-7
388,-7.3
389,-7.4
390,-8
391,-8.3
392,-8.3
393,-8.4
394,-9
395,-8.6
396,-8.2
397,-7.4
398,-7.2
399,-7
400,-6.6
401,-6.7
402,-6.6
403,-6.6
404,-7
405,-8.1
406,-6.8
407,-6.6
408,-6.6
409,-6.1
410,-5.7
411,-5.6
412,-5.3
413,-5.1
414,-5.1
415,-5.2
416,-5.1
417,-5.1
418,-5.1
419,-5.6
420,-5.8
421,-5.8
422,-5.6
423,-5.1
424,-6.1
425,-6.6
426,-6.4
427,-6.1
428,-5.9
429,-6
430,-6
431,-6.1
432,-6.2
433,-6.2
434,-6.4
435,-6.5
436,-6.6
437,-6.5
438,-6.6
439,-6.6
440,-6.5
441,-6.3
442,-5.9
443,-5.6
444,-5.5
445,-5.3
446,-5
447,-5
448,-5.3
449,-5.5
450,-5.7
451,-6
452,-6.1
453,-6
454,-6.1
455,-6
456,-5.8
457,-5.8
458,-5.7
459,-5.6
460,-5.4
461,-5.4
462,-5.3
463,-5.3
464,-5.2
465,-5.2
466,-4.9
467,-4.6
468,-4.2
469,-3.8
470,-3.4
471,-3.1
472,-3.1
473,-3
474,-3
475,-3.2
476,-3.3
477,-3.2
478,-3.2
479,-3.1
480,-3.1
481,-3.2
482,-3.1
483,-2.9
484,-2.8
485,-2.6
486,-2.5
487,-2.4
488,-2.4
489,-2.3
490,-2.2
491,-2
492,-1.7
493,-1.3
494,-0.9
495,-0.7
496,-0.5
497,-0.3
498,-0.2
499,-0.2
500,-0.1
501,0
502,0
503,0
504,0.1
505,0.2
506,0.2
507,0.3
508,0.3
509,0.3
510,0.3
511,0.4
512,0.5
513,0.7
514,0.8
515,1
516,1.2
517,1.3
518,1.5
519,1.5
520,1.8
521,1.5
522,1.4
523,1.1
524,1.2
525,1.1
526,1
527,0.9
528,1.1
529,1.2
530,2
531,2.1
532,2.5
533,2.7
534,2.8
535,2.8
536,3.5
537,3.2
538,4
539,4.6
540,5.1
541,5.4
542,5.5
543,5.2
544,4.9
545,4.7
546,4.6
547,4.4
548,4.4
549,4.4
550,4
551,3.6
552,3.7
553,3.6
554,3.7
555,3.4
556,3.2
557,3.3
558,3.1
559,2.7
560,1.9
561,1.6
562,1.2
563,1.2
564,1.2
565,1.1
566,1.1
567,1.1
568,0.3
569,0
570,-0.1
571,0
572,0.1
573,0.2
574,0.3
575,0.2
576,0.4
577,0.4
578,0.7
579,0.8
580,0.8
581,1.1
582,1.2
583,1.5
584,1.8
585,1.9
586,2.2
587,2.7
588,2.9
589,2.9
590,3
591,3.1
592,3
593,2.8
594,2.6
595,2.8
596,2.7
597,2.8
598,3
599,2.8
600,2.9
601,2.9
602,2.9
603,3.1
604,3.3
605,3.5
606,3.4
607,2.8
608,2.6
609,2.5
610,2.9
611,3.4
612,4.2
613,4.2
614,4.8
615,1.8
616,2.5
617,1.7
618,1.3
619,0.1
620,-0.4
621,-0.4
622,-1
623,-1.9
624,-1.8
625,-2.7
626,-2.8
627,-2.8
628,-3.2
629,-3.8
630,-4.3
631,-3.8
632,-4.4
633,-4
634,-2.8
635,-1.9
636,-0.9
637,-0.1
638,0.2
639,1.9
640,2
641,1.6
642,1.1
643,1.1
644,0.9
645,0.8
646,0.6
647,1
648,1
649,1.7
650,1.8
651,2.5
652,2.1
653,2.1
654,1
655,1.6
656,1
657,1.3
658,2
659,3.3
660,2.9
661,3.1
662,4.1
663,3.5
664,2.8
665,1.8
666,0.1
667,-0.1
668,-0.4
669,-1.2
670,-1.4
671,-1.8
672,-1.9
673,-1.9
674,-2.1
675,-2.2
676,-2.6
677,-3
678,-2.6
679,-3.3
680,-4
681,-2.8
682,-1.6
683,-0.4
684,0.2
685,0.7
686,0.4
687,0.5
688,0.1
689,-0.5
690,-1.8
691,-2.5
692,-3.6
693,-4.4
694,-5.7
695,-6.8
696,-7.3
697,-8
698,-8.4
699,-8.7
700,-9.3
701,-9.7
702,-9.8
703,-10
704,-10.2
705,-10.3
706,-8.7
707,-7.4
708,-5.7
709,-4.5
710,-2.9
711,-2.6
712,-2.7
713,-3.3
714,-4.4
715,-5.4
716,-6.7
717,-7.1
718,-7.8
719,-7.9
720,-8.5
721,-8.8
722,-9.8
723,-9.6
724,-9.4
725,-9.2
726,-9.1
727,-9.8
728,-10.1
729,-8.9
730,-6.6
731,-4.5
732,-2.7
733,-0.6
734,0.9
735,1.8
736,2
737,1
738,-1.2
739,-1.8
740,-2.5
741,-1.3
742,-3.1
743,-4.4
744,-3.9
745,-3
746,-2.5
747,-2
748,-1.7
749,-1.4
750,-1.2
751,-0.9
752,-0.6
753,-0.2
754,0
755,0.6
756,1.1
757,1.2
758,1.3
759,1.5
760,2
761,2.2
762,2.5
763,3.2
764,3.6
765,3.6
766,3.6
767,3.5
768,3.4
769,3.3
770,3.1
771,2.7
772,2.6
773,1.6
774,1.7
775,2.1
776,2.2
777,1.9
778,1.8
779,1.8
780,0.5
781,0.7
782,0.8
783,0.7
784,0.7
785,0.6
786,0.6
787,0.5
788,0.5
789,0.3
790,0.2
791,0.1
792,0
793,0
794,-0.1
795,-0.1
796,-0.2
797,-0.5
798,-0.7
799,-0.9
800,-0.9
801,-0.9
802,-1
803,-1.1
804,-1.1
805,-1
806,-0.8
807,-0.8
808,-0.8
809,-0.8
810,-0.8
811,-0.6
812,-0.4
813,-0.5
814,-0.4
815,-0.3
816,-0.3
817,-0.3
818,-0.6
819,-0.8
820,-0.9
821,-1.8
822,-2
823,-2.3
824,-2.8
825,-2.9
826,-2.7
827,-2.1
828,-1.5
829,-1
830,-0.6
831,0
832,-0.2
833,-0.7
834,-1.2
835,-2
836,-2.4
837,-2.5
838,-3
839,-3.3
840,-3.4
841,-4
842,-4.4
843,-4.6
844,-5.1
845,-5.5
846,-5.5
847,-5.9
848,-6.2
849,-6.1
850,-5.2
851,-3.8
852,-2.4
853,-1.6
854,-0.6
855,-0.4
856,-0.2
857,-0.9
858,-1.6
859,-2.5
860,-3.3
861,-3.9
862,-4.3
863,-4.3
864,-4.1
865,-3.1
866,-3.4
867,-3.7
868,-4.2
869,-4.8
870,-5.4
871,-5.7
872,-6.1
873,-6.2
874,-5.7
875,-5.4
876,-4.5
877,-3.9
878,-3.4
879,-2.9
880,-2.4
881,-2.2
882,-2.5
883,-2.7
884,-3
885,-3.1
886,-3.2
887,-3.6
888,-3.6
889,-3.9
890,-4.3
891,-4.8
892,-4.9
893,-5.2
894,-5.5
895,-5.4
896,-5.7
897,-5.7
898,-4.2
899,-2.9
900,-2.1
901,-1
902,-1
903,-0.6
904,-1.2
905,-1.7
906,-2.6
907,-3.1
908,-3.9
909,-4.4
910,-4.2
911,-3.9
912,-3.8
913,-4
914,-4.1
915,-4.2
916,-4.5
917,-5.3
918,-6.4
919,-6.9
920,-6.2
921,-6.1
922,-4.8
923,-4.5
924,-3.8
925,-3.7
926,-3.5
927,-3.2
928,-3.1
929,-3.6
930,-4
931,-3.9
932,-4.4
933,-4.8
934,-4.9
935,-5.2
936,-6.2
937,-7.3
938,-8.2
939,-8.6
940,-9.2
941,-9.4
942,-9.7
943,-9.6
944,-10.1
945,-10.3
946,-10.1
947,-9.6
948,-8.7
949,-8
950,-7.6
951,-6.9
952,-6.9
953,-7.4
954,-7.9
955,-8.4
956,-9.4
957,-10.5
958,-10.3
959,-10.2
960,-8
961,-7.2
962,-6.1
963,-5.8
964,-4.8
965,-3.7
966,-3.5
967,-3.7
968,-3.8
969,-3.8
970,-3.3
971,-2.7
972,-2.4
973,-1.6
974,-1.2
975,-1
976,-1
977,-1.1
978,-1.4
979,-1.6
980,-1.7
981,-1.7
982,-1.7
983,-1.7
984,-1.8
985,-1.7
986,-1.7
987,-1.6
988,-1.6
989,-1.8
990,-1.8
991,-1.9
992,-1.9
993,-2
994,-1.8
995,-1.5
996,-1.2
997,-0.5
998,0
999,0.3
1000,0.5
1001,0.1
1002,-0.9
1003,-1.9
1004,-2.5
1005,-1.6
1006,-1.6
1007,-1.5
1008,-1.5
1009,-1.6
1010,-1.8
1011,-1.7
1012,-1.7
1013,-2.6
1014,-3.3
1015,-4.4
1016,-5.1
1017,-4.4
1018,-3.2
1019,-2.1
1020,-0.1
1021,0.9
1022,2
1023,2.3
1024,2.5
1025,1.8
1026,0.5
1027,-0.8
1028,-1.4
1029,-2.1
1030,-2.8
1031,-3.3
1032,-4.1
1033,-4.5
1034,-5.4
1035,-5.8
1036,-6.4
1037,-6.5
1038,-7.4
1039,-7.6
1040,-7.2
1041,-6.7
1042,-4.8
1043,-2.3
1044,-0.4
1045,0.6
1046,1.8
1047,2.2
1048,2.2
1049,1.1
1050,0
1051,-1.3
1052,-2.3
1053,-3
1054,-3.5
1055,-3.8
1056,-4.1
1057,-4.6
1058,-5.3
1059,-5.7
1060,-5.3
1061,-5.6
1062,-6.3
1063,-6.2
1064,-4.1
1065,-3.8
1066,-3.8
1067,-3.3
1068,-2.7
1069,-2.1
1070,-1
1071,-0.4
1072,-0.1
1073,-0.2
1074,-1.1
1075,-1.9
1076,-2.5
1077,-2.9
1078,-3.1
1079,-3.3
1080,-3.4
1081,-3.9
1082,-4
1083,-4.2
1084,-4.3
1085,-4.9
1086,-5.3
1087,-5.7
1088,-6
1089,-5.8
1090,-4.9
1091,-3.2
1092,-2
1093,-0.4
1094,0.9
1095,0.7
1096,0.5
1097,0.1
1098,-0.4
1099,-1
1100,-1.7
1101,-2.6
1102,-3.2
1103,-3.7
1104,-3.8
1105,-4
1106,-4.5
1107,-4.8
1108,-4.5
1109,-5.8
1110,-6.1
1111,-6.3
1112,-6.6
1113,-6.1
1114,-4.9
1115,-3.7
1116,-3
1117,-2
1118,-1.8
1119,-1.5
1120,-1
1121,-0.6
1122,-1.5
1123,-2.5
1124,-3
1125,-3.2
1126,-3.2
1127,-3.2
1128,-3.1
1129,-2.9
1130,-2.8
1131,-2.6
1132,-2.6
1133,-2.8
1134,-2.6
1135,-2.7
1136,-3
1137,-3.1
1138,-2.8
1139,-2.4
1140,-0.4
1141,0.8
1142,1.6
1143,1.7
1144,1.4
1145,0.2
1146,-0.7
1147,-1.4
1148,-2.1
1149,-2.9
1150,-3.5
1151,-4.3
1152,-4.6
1153,-5.3
1154,-5.4
1155,-5.8
1156,-6.3
1157,-5.2
1158,-5
1159,-5
1160,-4.7
1161,-4.5
1162,-2.7
1163,-2.5
1164,-1.8
1165,-1.5
1166,-1.4
1167,-1.1
1168,-0.9
1169,-1.4
1170,-1.5
1171,-1.8
1172,-1.9
1173,-1.9
1174,-1.7
1175,-1.7
1176,-2.1
1177,-2.5
1178,-3
1179,-2.7
1180,-2.6
1181,-2.4
1182,-2.1
1183,-2.4
1184,-2.5
1185,-2.6
1186,-2.7
1187,-2.4
1188,-2.1
1189,-1.8
1190,-2.1
1191,-2.2
1192,-2.1
1193,-1.8
1194,-2.7
1195,-2.6
1196,-3.9
1197,-4.8
1198,-5.3
1199,-6.2
1200,-6.5
1201,-6.8
1202,-7.4
1203,-7.7
1204,-7.5
1205,-7.9
1206,-8.5
1207,-10.6
1208,-10
1209,-8.6
1210,-5.6
1211,-4.7
1212,-3.2
1213,-3.1
1214,-2.3
1215,-1.4
1216,-2.4
1217,-2.8
1218,-3.8
1219,-5.3
1220,-6
1221,-8.6
1222,-9.3
1223,-10.8
1224,-11.4
1225,-11.6
1226,-12.4
1227,-12.6
1228,-12.8
1229,-13.5
1230,-14.1
1231,-14.5
1232,-14.3
1233,-10.7
1234,-6.6
1235,-4.8
1236,-3.4
1237,-2.7
1238,-2.7
1239,-2.5
1240,-2.7
1241,-3.4
1242,-4.3
1243,-5.2
1244,-6
1245,-7.5
1246,-9.4
1247,-11
1248,-11.5
1249,-12.2
1250,-13.3
1251,-13.6
1252,-13.8
1253,-14.1
1254,-14.1
1255,-13.7
1256,-13.6
1257,-9.9
1258,-7.4
1259,-4.7
1260,-4.4
1261,-3.8
1262,-3.1
1263,-3.2
1264,-2.5
1265,-2.1
1266,-2.2
1267,-2
1268,-3.1
1269,-3.1
1270,-2.9
1271,-4.6
1272,-4.6
1273,-6.1
1274,-5.2
1275,-5.2
1276,-4.8
1277,-5.1
1278,-5.3
1279,-5.6
1280,-7.3
1281,-7.6
1282,-6.3
1283,-5.1
1284,-3.6
1285,-2.7
1286,-2.3
1287,-2.4
1288,-2.1
1289,-2.8
1290,-4.2
1291,-5.8
1292,-6.6
1293,-7.2
1294,-7.8
1295,-8.2
1296,-8.7
1297,-9.5
1298,-9.9
1299,-11.5
1300,-12
1301,-12.1
1302,-11.5
1303,-11.4
1304,-12.3
1305,-9.4
1306,-4.3
1307,-3.2
1308,-0.4
1309,0.5
1310,1
1311,0.5
1312,0.2
1313,-0.4
1314,-1.6
1315,-3
1316,-4.1
1317,-4.7
1318,-5
1319,-5.8
1320,-6.6
1321,-7.2
1322,-6.8
1323,-6.2
1324,-5.8
1325,-5.6
1326,-5.3
1327,-5.1
1328,-5.2
1329,-5.3
1330,-4.6
1331,-4.1
1332,-3.9
1333,-3.1
1334,-2.3
1335,-1.4
1336,-1.2
1337,-1.7
1338,-2.4
1339,-3.6
1340,-4.2
1341,-5
1342,-6.1
1343,-6.4
1344,-6.7
1345,-7.5
1346,-8
1347,-8.5
1348,-9
1349,-9.3
1350,-9.7
1351,-10
1352,-10.3
1353,-9.4
1354,-7.6
1355,-5.3
1356,-3.3
1357,-1.6
1358,-1
1359,-0.4
1360,-0.8
1361,-1.3
1362,-2.3
1363,-3.4
1364,-4.3
1365,-5.3
1366,-6.2
1367,-6.9
1368,-7.6
1369,-8.2
1370,-9
1371,-9.4
1372,-10
1373,-10.1
1374,-10.5
1375,-10.9
1376,-11.2
1377,-9.8
1378,-7.6
1379,-4.9
1380,-2.3
1381,-1.3
1382,0.8
1383,1.1
1384,1.6
1385,0.9
1386,-0.1
1387,-1.4
1388,-2.7
1389,-4
1390,-4
1391,-4.7
1392,-5.5
1393,-5.9
1394,-5.5
1395,-5.3
1396,-5.2
1397,-5.1
1398,-5.6
1399,-6.5
1400,-6.4
1401,-5.2
1402,-2.5
1403,-0.4
1404,1.1
1405,1.7
1406,2.3
1407,2.3
1408,2.3
1409,1.6
1410,1.1
1411,0.6
1412,0.5
1413,0.3
1414,0.4
1415,0.6
1416,0.7
1417,1.1
1418,1.4
1419,0.8
1420,0.3
1421,0
1422,0
1423,0
1424,-0.1
1425,0.3
1426,1.4
1427,3.1
1428,5.1
1429,6.8
1430,7.3
1431,6.8
1432,7.1
1433,7
1434,6.4
1435,5.8
1436,5.2
1437,5.1
1438,4.6
1439,4.2
1440,4
1441,3.4
1442,3.1
1443,3.2
1444,3
1445,2.8
1446,2.5
1447,2.3
1448,2.4
1449,2.4
1450,3
1451,3.6
1452,4.2
1453,5
1454,6
1455,5.6
1456,6
1457,5.9
1458,5.9
1459,5.3
1460,4.9
1461,5.3
1462,5.3
1463,5.2
1464,6
1465,6
1466,6
1467,5.8
1468,4.9
1469,4.3
1470,5.6
1471,4
1472,3.3
1473,4
1474,6
1475,8.7
1476,9.3
1477,9.1
1478,9.1
1479,9.3
1480,9.2
1481,9.3
1482,8.9
1483,7.5
1484,5.8
1485,4.7
1486,5.7
1487,4.4
1488,3.6
1489,2.1
1490,1.7
1491,0.5
1492,0
1493,-1
1494,-0.9
1495,-1
1496,0.9
1497,2.5
1498,5.9
1499,9
1500,10.8
1501,11.8
1502,12.1
1503,12.5
1504,11.8
1505,10.8
1506,10.7
1507,9.9
1508,8.5
1509,7.9
1510,7.7
1511,7.4
1512,7.3
1513,7.2
1514,7.3
1515,7
1516,6.9
1517,7.6
1518,7.4
1519,7.3
1520,7.4
1521,7.7
1522,8.5
1523,9.1
1524,9.8
1525,10.4
1526,10.4
1527,10.4
1528,11.7
1529,12
1530,11.6
1531,11.3
1532,10.7
1533,10.1
1534,9.6
1535,9.4
1536,9.2
1537,9.5
1538,9.4
1539,9.3
1540,9.2
1541,9.2
1542,9.2
1543,8.9
1544,9.1
1545,9.4
1546,10.1
1547,11.2
1548,12.7
1549,14
1550,15
1551,15.2
1552,15.7
1553,15.8
1554,14.3
1555,12.8
1556,12
1557,11
1558,10.5
1559,10.5
1560,10.4
1561,11.4
1562,11.7
1563,11.7
1564,11.5
1565,11.8
1566,12
1567,12.7
1568,13.4
1569,12.9
1570,13.1
1571,13.9
1572,12.7
1573,13.8
1574,16.4
1575,16.6
1576,15.4
1577,15.1
1578,14.9
1579,13.4
1580,12.7
1581,11.2
1582,10.7
1583,12.4
1584,12.3
1585,12.4
1586,12.2
1587,12
1588,11.7
1589,10.9
1590,11.4
1591,10.9
1592,10.4
1593,10
1594,11.2
1595,11.5
1596,12.4
1597,13
1598,14.2
1599,14.5
1600,14.4
1601,13.6
1602,13.3
1603,13.2
1604,12.5
1605,11.8
1606,12.1
1607,11
1608,10.2
1609,10.4
1610,9.9
1611,10
1612,9.7
1613,9.3
1614,9.6
1615,9.8
1616,9.2
1617,9.8
1618,10.8
1619,10.7
1620,11.3
1621,11.5
1622,11.6
1623,11.4
1624,11.5
1625,11.2
1626,10.6
1627,9.1
1628,8
1629,8.4
1630,9.7
1631,9
1632,9.8
1633,9.7
1634,9.6
1635,9.5
1636,9.2
1637,9.2
1638,9.3
1639,9
1640,8.5
1641,8.7
1642,11.2
1643,12.6
1644,14.1
1645,13.9
1646,15
1647,15.3
1648,15
1649,14.8
1650,13.8
1651,13.1
1652,12.9
1653,12.9
1654,12
1655,11
1656,10.4
1657,10.4
1658,10.1
1659,9.4
1660,8.8
1661,9.1
1662,9
1663,8.4
1664,9.1
1665,9.9
1666,11.4
1667,11.6
1668,12.3
1669,12.9
1670,13.4
1671,14.8
1672,13.6
1673,13.5
1674,12.9
1675,12.4
1676,12.2
1677,11.4
1678,10.9
1679,10.4
1680,10
1681,9.2
1682,9
1683,8.8
1684,8.8
1685,8.6
1686,7.4
1687,7.7
1688,8.8
1689,9.5
1690,9.8
1691,11.3
1692,14.2
1693,14.4
1694,14.6
1695,15.3
1696,15.9
1697,15.6
1698,14.5
1699,12.5
1700,10.6
1701,10.8
1702,9
1703,8.5
1704,6.5
1705,7.2
1706,6.3
1707,5.6
1708,4.5
1709,3.3
1710,2.5
1711,2.2
1712,3
1713,7.6
1714,11.5
1715,13.5
1716,15.5
1717,16.7
1718,17.3
1719,17.5
1720,17.3
1721,17.3
1722,16.2
1723,12.6
1724,10.5
1725,8.8
1726,8.2
1727,6.2
1728,5.7
1729,4.8
1730,4.8
1731,4.6
1732,4.5
1733,6.5
1734,6.5
1735,6.2
1736,6.5
1737,8.4
1738,10.7
1739,13.3
1740,16
1741,16.6
1742,17.4
1743,16.8
1744,16.3
1745,14.9
1746,14.3
1747,13
1748,12.2
1749,11.9
1750,11.3
1751,11.4
1752,10.9
1753,10.1
1754,9.5
1755,9.1
1756,8.2
1757,7.6
1758,7.3
1759,7.2
1760,7.6
1761,8.2
1762,8.7
1763,9.3
1764,10.1
1765,10.3
1766,11.1
1767,11.3
1768,10.8
1769,10.5
1770,10.3
1771,9.9
1772,9.8
1773,9.6
1774,9.3
1775,9
1776,8.9
1777,9.1
1778,7.9
1779,7.3
1780,8
1781,8.1
1782,7.8
1783,8.3
1784,8.4
1785,9.4
1786,10.6
1787,12
1788,13.3
1789,14.8
1790,15.1
1791,15.7
1792,15.2
1793,14.9
1794,14.2
1795,13.8
1796,13.5
1797,14.1
1798,14.5
1799,13
1800,12.6
1801,12.8
1802,12.7
1803,12.3
1804,11.6
1805,10.3
1806,9.9
1807,9.8
1808,9.6
1809,9.9
1810,10.8
1811,11.3
1812,11.7
1813,12.2
1814,12.4
1815,12.2
1816,12.5
1817,12.5
1818,12.4
1819,11.2
1820,9.2
1821,7.7
1822,5.7
1823,5.6
1824,4.8
1825,3.8
1826,4.3
1827,5.1
1828,5.2
1829,4.3
1830,3.3
1831,4.7
1832,6.2
1833,7.4
1834,9.3
1835,9.8
1836,11.9
1837,12
1838,11.9
1839,12
1840,11.6
1841,12
1842,10.6
1843,9.6
1844,9.5
1845,9.3
1846,9.8
1847,9.9
1848,9.7
1849,9.9
1850,9.6
1851,9.1
1852,9.1
1853,9.4
1854,9.3
1855,9.5
1856,10
1857,10.4
1858,10.9
1859,11.3
1860,11.8
1861,12.3
1862,12.6
1863,12.5
1864,12.7
1865,12.1
1866,11.7
1867,11
1868,10.8
1869,10.6
1870,10.4
1871,9.9
1872,9.8
1873,10
1874,9.9
1875,10
1876,9.7
1877,9.6
1878,9.5
1879,9
1880,9.1
1881,9.8
1882,11.1
1883,12.4
1884,12.9
1885,13.4
1886,13.2
1887,13.7
1888,13.2
1889,13.5
1890,13.3
1891,11.9
1892,12.3
1893,12.8
1894,13.5
1895,13.7
1896,14
1897,13.9
1898,13.9
1899,12.4
1900,12.3
1901,11.5
1902,9.9
1903,9.2
1904,9.4
1905,9.6
1906,10.4
1907,10.8
1908,10.7
1909,10.9
1910,10.9
1911,11
1912,10.9
1913,10.5
1914,9.9
1915,9.4
1916,8.7
1917,7.9
1918,7.2
1919,7.6
1920,6
1921,7.3
1922,7.2
1923,7.2
1924,6.7
1925,6.5
1926,5.9
1927,4.6
1928,5.6
1929,6.7
1930,8
1931,8.4
1932,9
1933,9.4
1934,10.4
1935,9.5
1936,9.5
1937,9.2
1938,8.2
1939,6.2
1940,4.9
1941,4.5
1942,3.9
1943,2.1
1944,0.6
1945,0.5
1946,0
1947,0.1
1948,-0.2
1949,-0.4
1950,-1.7
1951,-0.8
1952,0.4
1953,5.7
1954,6.6
1955,7.8
1956,8.4
1957,8.7
1958,9.4
1959,9.4
1960,9.2
1961,9.1
1962,8.4
1963,7.4
1964,6.8
1965,6.4
1966,6
1967,5.5
1968,5.3
1969,4.7
1970,3.6
1971,4.3
1972,3.7
1973,3
1974,2.1
1975,1.9
1976,2.9
1977,5.6
1978,7.6
1979,8.6
1980,9.9
1981,10.8
1982,10.6
1983,10.5
1984,10.5
1985,10.4
1986,9.9
1987,8.6
1988,8
1989,7.5
1990,6.4
1991,5.7
1992,5
1993,4.3
1994,3.9
1995,3.5
1996,3.2
1997,3
1998,2.7
1999,2.4
2000,3.6
2001,5.1
2002,6.9
2003,8.8
2004,10.2
2005,10.7
2006,10.1
2007,10
2008,10.2
2009,10.1
2010,9
2011,8.3
2012,8
2013,7.8
2014,7.4
2015,6.6
2016,5.8
2017,5.5
2018,5.4
2019,5
2020,5
2021,4.8
2022,4.6
2023,4.4
2024,4.9
2025,5.5
2026,5.3
2027,6
2028,6.6
2029,7.3
2030,8.4
2031,8.9
2032,1
2033,11.6
2034,10.5
2035,9.4
2036,8.7
2037,8.1
2038,7.5
2039,7.3
2040,6.5
2041,5.8
2042,5.7
2043,5.1
2044,4.3
2045,4.1
2046,3.5
2047,2.1
2048,3.1
2049,6.1
2050,8.7
2051,10
2052,11.1
2053,11.6
2054,12.4
2055,13.1
2056,13.2
2057,12.6
2058,12
2059,10.6
2060,9.5
2061,8.3
2062,7.5
2063,7.2
2064,6.6
2065,6.6
2066,6.5
2067,6.1
2068,4.8
2069,4
2070,4.2
2071,4.8
2072,5.4
2073,6.4
2074,7.8
2075,9.9
2076,9.6
2077,9.5
2078,10
2079,10.2
2080,10.3
2081,10.2
2082,9.6
2083,8.6
2084,7.5
2085,6.5
2086,6
2087,5.5
2088,5
2089,4.4
2090,4
2091,2
2092,0.7
2093,0.9
2094,0.4
2095,0.6
2096,2.5
2097,5
2098,6.8
2099,8.8
2100,10.1
2101,10.4
2102,10.8
2103,10.8
2104,10.8
2105,10.6
2106,9.8
2107,8.6
2108,6.7
2109,6
2110,4.8
2111,3.9
2112,1.2
2113,2
2114,-0.8
2115,-0.9
2116,-1.5
2117,-2.1
2118,-2.7
2119,-2.7
2120,1.5
2121,4.6
2122,6.6
2123,8.2
2124,9.2
2125,9.5
2126,9.6
2127,11.2
2128,10.9
2129,10.5
2130,9
2131,7.9
2132,7.6
2133,7.3
2134,6.8
2135,6.4
2136,6.6
2137,6.5
2138,6.7
2139,6.7
2140,6.9
2141,7
2142,6.9
2143,5.1
2144,5.8
2145,7.5
2146,8.7
2147,9.6
2148,10.5
2149,10.7
2150,10.5
2151,10
2152,10.2
2153,9.8
2154,9
2155,7.7
2156,7.1
2157,6.7
2158,6.1
2159,6
2160,5.6
2161,5
2162,3.8
2163,3.5
2164,3.9
2165,2.4
2166,2.2
2167,4.2
2168,5.8
2169,7.7
2170,9.7
2171,11.3
2172,11.9
2173,12.2
2174,12.5
2175,11.8
2176,9.3
2177,8
2178,7.9
2179,8
2180,7.3
2181,6.9
2182,6.9
2183,7.2
2184,6.8
2185,5.7
2186,6.2
2187,5.2
2188,4.2
2189,4.8
2190,3.7
2191,4.8
2192,5.9
2193,6.7
2194,6.5
2195,5.8
2196,9.3
2197,8.8
2198,8.6
2199,7.8
2200,6.5
2201,6.9
2202,6.8
2203,5.2
2204,5.2
2205,4.5
2206,4.9
2207,4.5
2208,3.9
2209,3.7
2210,3.3
2211,3.8
2212,2.4
2213,3.4
2214,3.3
2215,4.3
2216,4.8
2217,6.3
2218,7.4
2219,6.5
2220,6.8
2221,7.9
2222,7.5
2223,7.5
2224,7.8
2225,7.5
2226,6.7
2227,5.9
2228,5.1
2229,3.4
2230,2.7
2231,1.6
2232,0.4
2233,0.2
2234,-0.6
2235,-1.3
2236,-1.1
2237,-2.3
2238,-2.1
2239,-0.5
2240,2.6
2241,5.6
2242,7.4
2243,7.5
2244,7.7
2245,8.7
2246,10.2
2247,10
2248,10.3
2249,9.7
2250,9.3
2251,9.5
2252,8.5
2253,8
2254,7.9
2255,7.9
2256,7.6
2257,6.5
2258,6.8
2259,6.4
2260,5.7
2261,5.6
2262,5.4
2263,5.5
2264,6.2
2265,8.1
2266,8.7
2267,9.6
2268,10.1
2269,11.1
2270,11.1
2271,9.6
2272,9.3
2273,8.3
2274,7.9
2275,7.6
2276,7.4
2277,7.1
2278,6.3
2279,5.6
2280,5.6
2281,5.5
2282,5.2
2283,4.9
2284,4.8
2285,4.4
2286,4.1
2287,4.3
2288,4.5
2289,5
2290,6.3
2291,6.5
2292,7.1
2293,7.8
2294,8
2295,8.2
2296,8.5
2297,7.7
2298,6.3
2299,5
2300,3.9
2301,3.1
2302,2.4
2303,1.7
2304,1.1
2305,0.3
2306,0.5
2307,-0.3
2308,-1.1
2309,-0.8
2310,-0.5
2311,-0.2
2312,1.4
2313,3
2314,4
2315,4.8
2316,5.2
2317,6.2
2318,6.4
2319,5.8
2320,6.1
2321,6.3
2322,5.9
2323,5.1
2324,4
2325,2.7
2326,1.7
2327,0.8
2328,-0.1
2329,-1.1
2330,-1.2
2331,-1.2
2332,-1.8
2333,-3.3
2334,-2.5
2335,-1.4
2336,1.2
2337,3.5
2338,4.5
2339,5.2
2340,5.1
2341,5.1
2342,5.2
2343,5.5
2344,5.6
2345,6.7
2346,5.6
2347,5
2348,4.7
2349,4.2
2350,3.4
2351,2.3
2352,1.1
2353,-0.5
2354,-2.4
2355,-3.4
2356,-2.7
2357,-3.3
2358,-4.2
2359,-2
2360,0.5
2361,2.9
2362,4
2363,5.5
2364,5.6
2365,5.8
2366,6.1
2367,6.6
2368,5.1
2369,5.1
2370,5.5
2371,4.4
2372,3.3
2373,3.3
2374,2.5
2375,2.4
2376,0.9
2377,0.8
2378,0.7
2379,0.9
2380,0.8
2381,0.8
2382,0.2
2383,0.1
2384,0.9
2385,2.1
2386,3.1
2387,3.7
2388,4.1
2389,5.4
2390,5.9
2391,6.8
2392,6.1
2393,6.2
2394,4.5
2395,4
2396,3.4
2397,2.7
2398,2.3
2399,0.8
2400,0.6
2401,0.2
2402,1.4
2403,2.8
2404,2.6
2405,3.3
2406,3.1
2407,3.5
2408,4.3
2409,5.5
2410,5.6
2411,7.2
2412,9.2
2413,9.3
2414,8.3
2415,9.1
2416,8.9
2417,9.4
2418,9.6
2419,7.6
2420,4
2421,2.6
2422,1
2423,0
2424,-1.1
2425,-1.8
2426,-2.1
2427,-2.7
2428,-3
2429,-2.9
2430,-3
2431,-0.2
2432,3.8
2433,6.3
2434,9.2
2435,11.1
2436,12.1
2437,12.5
2438,13
2439,13.4
2440,13.4
2441,13.6
2442,13.2
2443,11.2
2444,8
2445,4.8
2446,4.9
2447,5
2448,3.9
2449,3.9
2450,1.2
2451,0.3
2452,-0.3
2453,1.7
2454,-0.6
2455,2.4
2456,7.2
2457,11.4
2458,13.7
2459,15.8
2460,16.8
2461,16.8
2462,17.6
2463,17.6
2464,17.6
2465,17.8
2466,16.6
2467,15.6
2468,14
2469,13.4
2470,12.6
2471,11.3
2472,11.1
2473,10.8
2474,10.3
2475,9.7
2476,8.9
2477,8.4
2478,7.9
2479,8.6
2480,10.8
2481,14
2482,16.3
2483,18.1
2484,18.5
2485,19.2
2486,20
2487,20.5
2488,20.7
2489,20.1
2490,19.2
2491,18.4
2492,16.8
2493,15.4
2494,14.2
2495,13.5
2496,13.2
2497,13.5
2498,12.2
2499,11.4
2500,10.3
2501,8.5
2502,8.1
2503,10.8
2504,13.4
2505,16.2
2506,18.6
2507,20.2
2508,21.4
2509,22.2
2510,22.9
2511,23.6
2512,23.7
2513,23.8
2514,23.7
2515,22.5
2516,20.5
2517,18.9
2518,18.3
2519,17.2
2520,15.3
2521,13.8
2522,11.9
2523,10.7
2524,10
2525,9.5
2526,8.8
2527,11.8
2528,15
2529,18
2530,20.3
2531,21.7
2532,22.4
2533,23.2
2534,23.8
2535,24.5
2536,24.4
2537,23.8
2538,22.7
2539,21
2540,19.2
2541,17.9
2542,16.5
2543,15.3
2544,14.4
2545,13
2546,11.8
2547,10.4
2548,10.4
2549,10.5
2550,10.3
2551,11.2
2552,13
2553,15.2
2554,17.8
2555,19.3
2556,20.9
2557,21.4
2558,21.8
2559,22.1
2560,22.2
2561,21.7
2562,20.9
2563,19.8
2564,17.9
2565,16.3
2566,15.8
2567,14.3
2568,12.9
2569,12
2570,11.9
2571,10.6
2572,9.5
2573,8.9
2574,8.1
2575,8.8
2576,10.8
2577,13.8
2578,15.9
2579,16.4
2580,17.5
2581,17.7
2582,17.6
2583,17.3
2584,17
2585,16.2
2586,15.2
2587,13.7
2588,11.5
2589,9.9
2590,8.9
2591,8
2592,7
2593,5.9
2594,5
2595,4.7
2596,4.4
2597,4.2
2598,5
2599,5.7
2600,6.2
2601,6.7
2602,7.2
2603,8.2
2604,7.8
2605,8
2606,9.1
2607,11
2608,11.6
2609,11.5
2610,11.8
2611,11.8
2612,10.1
2613,9.5
2614,9.4
2615,8.7
2616,8
2617,6.9
2618,5.9
2619,5
2620,4.7
2621,5
2622,4.8
2623,5.4
2624,7.7
2625,9
2626,10.4
2627,11.6
2628,13.3
2629,14.2
2630,15.2
2631,16.4
2632,17
2633,16.2
2634,16.1
2635,15
2636,14.3
2637,13.4
2638,12.8
2639,12.6
2640,12.1
2641,10.4
2642,8.7
2643,6.5
2644,6
2645,6.2
2646,7.4
2647,10.4
2648,13
2649,15
2650,17.2
2651,19.7
2652,20.6
2653,21.7
2654,22.6
2655,22.6
2656,23.1
2657,22.3
2658,21
2659,18.3
2660,12.7
2661,11.7
2662,12.5
2663,10.1
2664,9.8
2665,9.6
2666,9.6
2667,9.5
2668,9.2
2669,9
2670,8.7
2671,8.7
2672,10.9
2673,11.4
2674,13.5
2675,15
2676,15.8
2677,16.4
2678,17
2679,17
2680,16.9
2681,16.5
2682,15.6
2683,13.4
2684,10.5
2685,9.5
2686,9.5
2687,6.9
2688,5.7
2689,5.1
2690,4.9
2691,3.2
2692,4.4
2693,6.8
2694,7.6
2695,7.4
2696,7.6
2697,10.1
2698,11.9
2699,13.7
2700,14.8
2701,16.1
2702,16.8
2703,16.1
2704,15.7
2705,15.8
2706,14.8
2707,13.4
2708,10.7
2709,8.7
2710,7.7
2711,5.8
2712,5.9
2713,6.4
2714,4.6
2715,4.1
2716,3.2
2717,3.2
2718,3.1
2719,6
2720,11.4
2721,15.5
2722,17.8
2723,20
2724,20.6
2725,21
2726,21.2
2727,21.6
2728,21.5
2729,21.9
2730,21.2
2731,18.9
2732,16.4
2733,17
2734,15.6
2735,14.5
2736,14.7
2737,13
2738,12.7
2739,10
2740,8.8
2741,8.8
2742,8.3
2743,11.1
2744,14.6
2745,16.4
2746,17.8
2747,19.4
2748,21.2
2749,21.9
2750,22.3
2751,21.9
2752,20.9
2753,18.7
2754,18.4
2755,18.3
2756,17.4
2757,17
2758,18
2759,17.7
2760,16.2
2761,14.2
2762,13.9
2763,13.2
2764,12.5
2765,11.2
2766,12.5
2767,12.7
2768,13.3
2769,13.9
2770,14.1
2771,14.7
2772,14.7
2773,14.8
2774,14.5
2775,13.5
2776,12.2
2777,11.6
2778,11.6
2779,11.5
2780,10.7
2781,10.7
2782,9
2783,8.7
2784,7.5
2785,9.3
2786,9.9
2787,9.9
2788,10.3
2789,10.7
2790,10.7
2791,10.8
2792,11.6
2793,11.8
2794,13.5
2795,13.3
2796,13.3
2797,14.5
2798,15.1
2799,15.5
2800,15.5
2801,14.5
2802,14.7
2803,13.5
2804,12.7
2805,11.7
2806,10.5
2807,9.8
2808,10.1
2809,9.5
2810,9.8
2811,10.1
2812,10.6
2813,10.9
2814,11
2815,11.3
2816,11.6
2817,12.1
2818,14
2819,15.7
2820,16.5
2821,18.8
2822,21.3
2823,22
2824,22.6
2825,20.4
2826,18.4
2827,18.3
2828,18
2829,16.5
2830,17
2831,17.1
2832,15.8
2833,14.9
2834,14.8
2835,14.6
2836,13.6
2837,11.9
2838,11.7
2839,11.7
2840,11.4
2841,13
2842,13.4
2843,15.8
2844,16.5
2845,16.2
2846,17
2847,17.2
2848,17.5
2849,17
2850,16.4
2851,15.1
2852,13.8
2853,10.1
2854,9.2
2855,8.4
2856,8.4
2857,7.7
2858,8.4
2859,9.2
2860,9.2
2861,8.6
2862,9
2863,10.7
2864,12.1
2865,13.4
2866,14.2
2867,15.2
2868,14.8
2869,12.8
2870,13.5
2871,13
2872,13.2
2873,13.8
2874,12.9
2875,12.4
2876,11.9
2877,11.5
2878,10.8
2879,10.2
2880,9.8
2881,9.8
2882,9.8
2883,10.3
2884,10.3
2885,10.3
2886,10
2887,10.3
2888,10.6
2889,11.1
2890,10.6
2891,8.7
2892,8.7
2893,9.1
2894,9.8
2895,10.9
2896,10.6
2897,10.8
2898,10.3
2899,9.6
2900,8.9
2901,9.2
2902,8.7
2903,8.4
2904,6.5
2905,8.3
2906,8.3
2907,7
2908,7.4
2909,5.9
2910,5.8
2911,7.8
2912,9.4
2913,9.6
2914,9.9
2915,9.6
2916,9.4
2917,8.8
2918,10.8
2919,10.6
2920,11
2921,11.1
2922,10.5
2923,9.2
2924,8
2925,7.4
2926,7.8
2927,8.1
2928,7.2
2929,6.6
2930,6.4
2931,6.8
2932,7.5
2933,7.2
2934,6.6
2935,8.1
2936,7.1
2937,8.3
2938,9.6
2939,10.5
2940,11.3
2941,12.6
2942,11.5
2943,12
2944,12
2945,11.5
2946,11.2
2947,10.5
2948,9.4
2949,8.2
2950,7
2951,4.7
2952,3.7
2953,2.7
2954,2
2955,1.7
2956,0.7
2957,0.7
2958,1
2959,4.2
2960,7.9
2961,10.1
2962,11.2
2963,13.1
2964,14
2965,13.7
2966,13.9
2967,15.3
2968,15.4
2969,15.7
2970,15.1
2971,14.1
2972,13.1
2973,9.6
2974,8.6
2975,7.5
2976,5.7
2977,4.8
2978,3.9
2979,3.4
2980,2.9
2981,2.2
2982,2.6
2983,6.3
2984,10.9
2985,13.8
2986,15.2
2987,15.7
2988,16
2989,16.3
2990,16.6
2991,16.5
2992,16.4
2993,16.1
2994,15.4
2995,14.2
2996,12.7
2997,11
2998,9.3
2999,9
3000,9.2
3001,9.1
3002,9.5
3003,9.6
3004,9.5
3005,8.3
3006,8.1
3007,8.3
3008,9.7
3009,10.6
3010,12.2
3011,13.9
3012,14.4
3013,15.3
3014,15.3
3015,15.4
3016,15.9
3017,15.7
3018,15.4
3019,14.6
3020,14.3
3021,13.6
3022,13.7
3023,13.2
3024,12.2
3025,12
3026,11.5
3027,11.9
3028,11.9
3029,11.8
3030,12.3
3031,12.7
3032,13.3
3033,13.8
3034,14
3035,15
3036,15.6
3037,16.1
3038,15.1
3039,15.6
3040,16.5
3041,17.5
3042,17.6
3043,17.2
3044,15.6
3045,14.2
3046,14.3
3047,13.4
3048,12.1
3049,12
3050,11.8
3051,11.9
3052,11.7
3053,12.1
3054,12.2
3055,12.4
3056,11.3
3057,11.7
3058,11.6
3059,11.3
3060,10.6
3061,11
3062,12.3
3063,11.2
3064,11.2
3065,12.1
3066,11.6
3067,11
3068,10.6
3069,9.8
3070,9.9
3071,10.1
3072,8.5
3073,8
3074,8
3075,7.6
3076,8.1
3077,7.6
3078,7
3079,7.7
3080,8.4
3081,9.5
3082,8.3
3083,9.1
3084,8.2
3085,8.6
3086,9.2
3087,8.7
3088,8.6
3089,8.6
3090,8.8
3091,8.9
3092,10.2
3093,11.7
3094,10.7
3095,8.1
3096,6.9
3097,7
3098,7
3099,6.7
3100,6.5
3101,6.4
3102,6
3103,6.9
3104,8.5
3105,9
3106,10.3
3107,10.7
3108,10.6
3109,11.9
3110,12.7
3111,12.7
3112,13
3113,12.4
3114,11.6
3115,11.6
3116,10.7
3117,10.5
3118,9.2
3119,9.1
3120,9.1
3121,8.8
3122,8.5
3123,8.6
3124,8.6
3125,8.3
3126,8.6
3127,9.1
3128,9.8
3129,10.2
3130,10.7
3131,11.5
3132,12.9
3133,13.4
3134,12.5
3135,13.6
3136,13.6
3137,12.9
3138,12.3
3139,11.7
3140,11
3141,9.8
3142,9.6
3143,8.8
3144,9
3145,8.2
3146,8.2
3147,7.8
3148,7.5
3149,7.8
3150,8.3
3151,9.1
3152,10.1
3153,11.8
3154,11.7
3155,11.7
3156,12
3157,12.8
3158,13.3
3159,13.3
3160,13.3
3161,13.6
3162,13.9
3163,13.9
3164,13.4
3165,13.5
3166,13.3
3167,13.2
3168,13
3169,12.6
3170,12.4
3171,12.3
3172,12
3173,11.5
3174,11.7
3175,12.2
3176,12.3
3177,13.1
3178,14
3179,15.3
3180,16.4
3181,18.3
3182,18.6
3183,19.8
3184,20.4
3185,20.9
3186,20.6
3187,20.4
3188,19.2
3189,16.8
3190,15.6
3191,15.4
3192,15.2
3193,14.8
3194,13.8
3195,13.6
3196,13.6
3197,13.1
3198,14.5
3199,18
3200,18.7
3201,20.7
3202,22.4
3203,24.3
3204,25.9
3205,26.9
3206,28.1
3207,28.8
3208,29.2
3209,29.3
3210,28.8
3211,27.9
3212,26
3213,23.7
3214,21.3
3215,20.5
3216,18.1
3217,17.3
3218,16.9
3219,14.5
3220,14.9
3221,12.9
3222,14.7
3223,17.1
3224,21.4
3225,23.4
3226,25.1
3227,26.4
3228,27.8
3229,26.8
3230,26
3231,25.1
3232,23.2
3233,20.1
3234,19.8
3235,18.9
3236,17.8
3237,16.6
3238,15.6
3239,14.8
3240,14
3241,13.3
3242,12.9
3243,12.6
3244,11.9
3245,12.1
3246,12.7
3247,14
3248,14.8
3249,16.4
3250,17.1
3251,17.1
3252,18
3253,18.2
3254,17.4
3255,17.5
3256,16.2
3257,16.1
3258,14.9
3259,13.6
3260,12.4
3261,10.9
3262,10
3263,9.1
3264,9.2
3265,9.5
3266,9.6
3267,9.4
3268,9
3269,8.8
3270,8.7
3271,9.2
3272,10.7
3273,11.7
3274,12.8
3275,13.9
3276,14.1
3277,15.1
3278,15.7
3279,16.5
3280,16.1
3281,16.2
3282,15.2
3283,14.3
3284,13.4
3285,12.5
3286,11.6
3287,10.7
3288,10
3289,9.2
3290,8.3
3291,8.4
3292,8.3
3293,7.7
3294,8.5
3295,9.8
3296,12.9
3297,15.6
3298,17.7
3299,19.1
3300,20.3
3301,21.2
3302,21.5
3303,22.2
3304,22.7
3305,22.9
3306,22.3
3307,21.5
3308,20.4
3309,18.9
3310,17.5
3311,16.2
3312,15.5
3313,14.3
3314,13
3315,12.4
3316,11.5
3317,11.6
3318,12.3
3319,14.6
3320,16.6
3321,18.1
3322,19.2
3323,20.8
3324,21.8
3325,22.6
3326,23.3
3327,24
3328,24
3329,24.2
3330,23.4
3331,22.7
3332,21.2
3333,19.3
3334,18.4
3335,17
3336,15.5
3337,14.5
3338,13.5
3339,12.2
3340,11.4
3341,10.7
3342,13
3343,15.8
3344,18
3345,19.6
3346,21.3
3347,21.8
3348,22
3349,22.6
3350,23.6
3351,24.3
3352,25
3353,24.7
3354,24.2
3355,23.5
3356,21.9
3357,19.9
3358,19.3
3359,17.7
3360,16.6
3361,15.4
3362,14.5
3363,13.7
3364,13.7
3365,12.7
3366,13.9
3367,17.5
3368,18.8
3369,20.6
3370,21.4
3371,22.2
3372,22.8
3373,23.4
3374,24.1
3375,24.3
3376,24.6
3377,24.5
3378,24.2
3379,23.3
3380,20.6
3381,16.9
3382,14.7
3383,14.9
3384,13
3385,11.6
3386,11.5
3387,10.5
3388,10.1
3389,10.6
3390,11.6
3391,16.8
3392,19
3393,22.6
3394,24.1
3395,25.6
3396,26.5
3397,26.8
3398,26.7
3399,26.2
3400,25.9
3401,25.8
3402,25.7
3403,25
3404,23.2
3405,21.6
3406,20.2
3407,18.6
3408,15.2
3409,13.9
3410,11.9
3411,13
3412,14.1
3413,13.7
3414,15.2
3415,16.9
3416,20.7
3417,22.7
3418,24.9
3419,26.3
3420,27.3
3421,27.1
3422,26.9
3423,27.2
3424,27.4
3425,26.4
3426,26.2
3427,25.1
3428,23.5
3429,20.8
3430,20.8
3431,20.8
3432,20.3
3433,19
3434,17.7
3435,16.3
3436,15.6
3437,14.4
3438,16.2
3439,18.2
3440,20.4
3441,21.7
3442,23.8
3443,24.6
3444,25.9
3445,26.6
3446,27
3447,27.2
3448,26.7
3449,26.3
3450,25.8
3451,24.7
3452,22.1
3453,19.4
3454,18
3455,20.5
3456,18.7
3457,18.5
3458,18
3459,17.4
3460,16.1
3461,15.9
3462,16.2
3463,18.1
3464,20.5
3465,22.4
3466,24.1
3467,25.3
3468,26.3
3469,27
3470,26.8
3471,27.7
3472,27.2
3473,27.7
3474,26.3
3475,23.4
3476,22.9
3477,22.2
3478,20.8
3479,19.1
3480,16.6
3481,15
3482,15
3483,14.7
3484,14.7
3485,13.7
3486,13.9
3487,14.5
3488,15.9
3489,18.7
3490,21
3491,22.6
3492,23.6
3493,24.1
3494,24.1
3495,23.7
3496,24.3
3497,23.4
3498,23
3499,22.1
3500,21
3501,19.9
3502,18.8
3503,18.2
3504,17.3
3505,16.8
3506,16.6
3507,16.2
3508,15.2
3509,14.7
3510,14.7
3511,15.9
3512,16.4
3513,17.2
3514,18.4
3515,20.4
3516,21.8
3517,21.2
3518,23.6
3519,23.9
3520,24.2
3521,23.4
3522,23.1
3523,22.4
3524,21.4
3525,20.4
3526,19.4
3527,18.2
3528,17.6
3529,17.4
3530,16
3531,15.3
3532,14.9
3533,14.6
3534,15.6
3535,16.6
3536,19.5
3537,20.6
3538,22.8
3539,23.7
3540,25.3
3541,25.2
3542,26.5
3543,26.6
3544,26.4
3545,26.3
3546,26
3547,25
3548,23.8
3549,22.1
3550,21.1
3551,19.9
3552,18.6
3553,18
3554,16.7
3555,15.6
3556,14.9
3557,14.1
3558,14.5
3559,16.1
3560,19
3561,20.2
3562,21.1
3563,22.6
3564,23.3
3565,23.7
3566,24.2
3567,24.3
3568,24.3
3569,23.5
3570,21.7
3571,20.7
3572,19.2
3573,18.9
3574,16.6
3575,16.1
3576,16.4
3577,15.8
3578,15.3
3579,15.3
3580,14.9
3581,13.7
3582,14.5
3583,16.6
3584,18.1
3585,19.2
3586,20.9
3587,21.9
3588,23.5
3589,24.2
3590,21.9
3591,22.2
3592,21.7
3593,20.6
3594,19.3
3595,19.1
3596,17.7
3597,16.7
3598,16.1
3599,15.7
3600,15.8
3601,16.1
3602,15.7
3603,14.4
3604,14
3605,14.1
3606,14.5
3607,16.5
3608,18
3609,19.5
3610,21.2
3611,23.3
3612,24
3613,24.4
3614,22.9
3615,21.8
3616,21.9
3617,22.3
3618,21.7
3619,20.9
3620,19.2
3621,17.3
3622,15.1
3623,13.9
3624,12.2
3625,11.4
3626,10.5
3627,8.8
3628,7.6
3629,7.3
3630,10
3631,12.6
3632,13.4
3633,13.7
3634,14.8
3635,15.3
3636,15.7
3637,16.3
3638,16.4
3639,17.8
3640,18.9
3641,18.3
3642,18.3
3643,17.7
3644,17.1
3645,16.3
3646,16
3647,16
3648,15.5
3649,14.6
3650,13.4
3651,13.5
3652,14.1
3653,14.3
3654,14.4
3655,14.5
3656,14.8
3657,15.2
3658,15.1
3659,15.1
3660,15.7
3661,16.4
3662,16.7
3663,16.7
3664,17.4
3665,18.6
3666,19.3
3667,18.3
3668,17.6
3669,15.9
3670,15
3671,14.9
3672,13.7
3673,13.5
3674,14.1
3675,13.6
3676,14
3677,14.3
3678,15.6
3679,17.4
3680,18.2
3681,20.5
3682,21.1
3683,22.3
3684,23.9
3685,25.3
3686,24.8
3687,22.5
3688,17.7
3689,15.9
3690,14.4
3691,14.2
3692,14.3
3693,14.1
3694,14.5
3695,14.3
3696,14
3697,13.7
3698,12.9
3699,12.1
3700,12.3
3701,12.5
3702,12.3
3703,12.2
3704,12.1
3705,12.4
3706,15.7
3707,14.6
3708,15
3709,14.5
3710,15.9
3711,17.1
3712,18.4
3713,17.1
3714,16.5
3715,15.7
3716,14.9
3717,14.6
3718,14
3719,13.2
3720,13.1
3721,13.3
3722,13.4
3723,13.6
3724,12.8
3725,12.9
3726,13.1
3727,13.3
3728,13.6
3729,14
3730,14.6
3731,14.5
3732,15.4
3733,15.8
3734,15.6
3735,16.5
3736,16.4
3737,16
3738,15.6
3739,14.9
3740,14.3
3741,13.7
3742,13.3
3743,13.1
3744,12.9
3745,12.7
3746,12.2
3747,11.9
3748,11.7
3749,11.6
3750,11.5
3751,11.6
3752,12
3753,11.8
3754,12.5
3755,13.6
3756,13.8
3757,12.6
3758,13
3759,13.9
3760,13.2
3761,12.6
3762,12.2
3763,11.7
3764,10.9
3765,10.5
3766,9.4
3767,9.3
3768,8.7
3769,9.1
3770,8.9
3771,9
3772,9.1
3773,8.9
3774,9.8
3775,9.7
3776,11.7
3777,12.2
3778,11.6
3779,12
3780,12.2
3781,12.8
3782,12.5
3783,13.3
3784,13.5
3785,12.4
3786,12
3787,11.8
3788,11
3789,9.7
3790,9.2
3791,9.2
3792,9
3793,7.3
3794,7.3
3795,6.5
3796,5.5
3797,5.1
3798,7.8
3799,10.6
3800,11.6
3801,12.4
3802,13.8
3803,14.2
3804,14.3
3805,15
3806,15.8
3807,16.3
3808,16.3
3809,16.2
3810,15.9
3811,14.9
3812,13.8
3813,12.3
3814,10.6
3815,9.4
3816,8.9
3817,6.6
3818,7.1
3819,6.3
3820,4.8
3821,4.7
3822,8.2
3823,11.2
3824,12.8
3825,14.4
3826,15.6
3827,16
3828,16.9
3829,18.1
3830,17.6
3831,18.1
3832,18.3
3833,18.4
3834,17.9
3835,17.2
3836,16
3837,13.3
3838,12.2
3839,10.9
3840,10.3
3841,9.9
3842,7.8
3843,7.4
3844,6.6
3845,6.3
3846,9.4
3847,13.6
3848,15.5
3849,16
3850,17.3
3851,17.3
3852,18.7
3853,19.3
3854,16
3855,14.8
3856,14
3857,14.5
3858,12.8
3859,12.8
3860,11.8
3861,11.6
3862,11.4
3863,11.1
3864,10.5
3865,10
3866,9.8
3867,10
3868,9.2
3869,8.2
3870,9.6
3871,10.2
3872,11.4
3873,12.4
3874,13.6
3875,13.8
3876,14.2
3877,13.8
3878,13.8
3879,13.3
3880,12.2
3881,13.9
3882,12.3
3883,12
3884,10.6
3885,10.3
3886,9.9
3887,9.4
3888,9.2
3889,7.8
3890,6.9
3891,7.4
3892,8.3
3893,8.8
3894,8.5
3895,10.7
3896,11.5
3897,12.1
3898,12
3899,13.8
3900,15
3901,15.1
3902,15.8
3903,15.4
3904,15
3905,12.5
3906,12.3
3907,13.8
3908,13.2
3909,11.9
3910,11.5
3911,11.1
3912,10.8
3913,10.3
3914,9.9
3915,9.8
3916,10
3917,10.1
3918,10.9
3919,9.2
3920,9.8
3921,10.8
3922,11.4
3923,14
3924,14.4
3925,14.8
3926,14.3
3927,14.3
3928,16.3
3929,16.5
3930,15.6
3931,15.7
3932,13.9
3933,11
3934,9.2
3935,8.6
3936,7.6
3937,7.5
3938,6.5
3939,5.7
3940,5.3
3941,6.4
3942,9.6
3943,12.7
3944,14.7
3945,15.9
3946,17.4
3947,18.3
3948,19.1
3949,19.7
3950,20.2
3951,20.5
3952,20.8
3953,20.4
3954,18.9
3955,18.5
3956,16.5
3957,14.3
3958,11.2
3959,9.7
3960,9.4
3961,8.3
3962,7.5
3963,7
3964,7.5
3965,7.7
3966,11.5
3967,14.4
3968,16.5
3969,18.2
3970,19.7
3971,21.2
3972,22.2
3973,23
3974,22.8
3975,24.1
3976,23.1
3977,18.3
3978,16.7
3979,16.3
3980,16.2
3981,15.6
3982,15.1
3983,15.6
3984,15.1
3985,15.3
3986,14.7
3987,14.5
3988,14.1
3989,13
3990,14.7
3991,15.6
3992,15.6
3993,17.3
3994,18.7
3995,18.5
3996,19.9
3997,21.3
3998,22
3999,22.4
4000,20.7
4001,20.2
4002,19.5
4003,19.4
4004,19
4005,17.9
4006,17.8
4007,17.9
4008,18.4
4009,17.7
4010,17.6
4011,17.7
4012,17.6
4013,17.5
4014,17.4
4015,17.7
4016,18.1
4017,18.4
4018,19.7
4019,20.6
4020,20.6
4021,21.5
4022,20.8
4023,20.4
4024,19.3
4025,19.9
4026,19.5
4027,20.1
4028,19.4
4029,18.6
4030,18.4
4031,17.7
4032,17.5
4033,17.3
4034,16.9
4035,16.2
4036,14.8
4037,14.6
4038,14.5
4039,15.4
4040,17.9
4041,19.1
4042,21.5
4043,22.3
4044,22.9
4045,24.2
4046,24.6
4047,25.3
4048,25.7
4049,25.3
4050,24.8
4051,23.9
4052,22.9
4053,20.8
4054,18.2
4055,17.1
4056,16.1
4057,15.3
4058,15
4059,13.6
4060,13.5
4061,13.5
4062,16
4063,18.3
4064,20.2
4065,21.8
4066,24
4067,26
4068,26.3
4069,28.2
4070,28.5
4071,29
4072,29.2
4073,29.5
4074,29
4075,28.4
4076,26.4
4077,23.4
4078,21
4079,20.4
4080,19.1
4081,18.5
4082,16.4
4083,16.4
4084,17.4
4085,18.3
4086,19.9
4087,21.7
4088,24.2
4089,26.8
4090,27.8
4091,29.4
4092,30.8
4093,31
4094,31.9
4095,32.2
4096,32.7
4097,32.6
4098,31.9
4099,31.4
4100,26.1
4101,23.5
4102,21.6
4103,21.1
4104,20.1
4105,20.6
4106,19.2
4107,18.5
4108,18.5
4109,17.9
4110,17.5
4111,18
4112,19.6
4113,21.1
4114,21
4115,22.7
4116,23.8
4117,24.1
4118,24.9
4119,24.8
4120,25.1
4121,24.6
4122,23.8
4123,22.4
4124,20.5
4125,19
4126,16.8
4127,15.8
4128,14.7
4129,14
4130,13.3
4131,12.7
4132,11.9
4133,12.1
4134,13.3
4135,17.5
4136,19.5
4137,20.8
4138,21.5
4139,22.7
4140,22.7
4141,23.4
4142,23.6
4143,24.5
4144,25.1
4145,24.8
4146,24.4
4147,24.3
4148,22.9
4149,21.2
4150,19.5
4151,17.3
4152,15.8
4153,15.5
4154,16.3
4155,15.5
4156,15
4157,14.9
4158,18.2
4159,20.7
4160,22.9
4161,24.5
4162,25.6
4163,26.8
4164,27.1
4165,28
4166,28.7
4167,29
4168,29.8
4169,29.4
4170,29.2
4171,28.6
4172,26.8
4173,23.6
4174,23.4
4175,20.3
4176,19.9
4177,19.6
4178,18.8
4179,18
4180,17.9
4181,17.3
4182,19.4
4183,23.3
4184,25.7
4185,28.3
4186,29.5
4187,29.7
4188,30.7
4189,30.5
4190,31.2
4191,31.5
4192,32.2
4193,31.7
4194,30.7
4195,28.7
4196,27.6
4197,23.9
4198,22.5
4199,22.7
4200,21.1
4201,20.5
4202,21
4203,20
4204,19.6
4205,19.9
4206,19.9
4207,20.1
4208,20.7
4209,20.3
4210,20.6
4211,20.3
4212,19.3
4213,19.5
4214,19.6
4215,20.3
4216,19.7
4217,19.4
4218,19
4219,18
4220,17.1
4221,16.2
4222,15.2
4223,14.3
4224,13.3
4225,12.6
4226,12.1
4227,12.3
4228,12.1
4229,12.6
4230,12.8
4231,14
4232,14.6
4233,16.5
4234,17.5
4235,18.9
4236,20.1
4237,21.2
4238,21.6
4239,22.4
4240,22.7
4241,22.5
4242,21.2
4243,20.6
4244,19.2
4245,17.9
4246,16.6
4247,15.3
4248,14.1
4249,13.3
4250,12.6
4251,12.1
4252,11.6
4253,11.3
4254,12.5
4255,14.4
4256,16.1
4257,18.3
4258,19.5
4259,20.9
4260,21.8
4261,22.8
4262,22.7
4263,22
4264,21.8
4265,21.8
4266,21.5
4267,20.7
4268,18.9
4269,17.4
4270,16.3
4271,15.4
4272,14.3
4273,13.3
4274,12.4
4275,11.7
4276,9.9
4277,9.7
4278,12.6
4279,15.3
4280,17.1
4281,19.1
4282,18.9
4283,20.9
4284,22.2
4285,22.5
4286,23.6
4287,24.8
4288,24.8
4289,24.9
4290,24
4291,23.2
4292,22.1
4293,20.5
4294,19.3
4295,17.8
4296,16.7
4297,15.8
4298,15.3
4299,15.4
4300,15.2
4301,14.3
4302,14.2
4303,14.5
4304,15.9
4305,17
4306,17
4307,17.9
4308,21.7
4309,23.6
4310,25.1
4311,24.6
4312,23.5
4313,24.1
4314,22.9
4315,22.2
4316,21.5
4317,20.6
4318,20
4319,20
4320,16.2
4321,15.9
4322,15.9
4323,16
4324,15.9
4325,15.9
4326,16.3
4327,16.7
4328,17.9
4329,20.2
4330,20.8
4331,21.2
4332,22.1
4333,20.9
4334,22.6
4335,22.4
4336,21
4337,15.9
4338,16.2
4339,17.5
4340,17
4341,15.9
4342,15.8
4343,15.7
4344,15.4
4345,15.8
4346,14.8
4347,13.8
4348,12.8
4349,12.3
4350,13.3
4351,14.2
4352,14.6
4353,15.1
4354,17.3
4355,18.3
4356,19.3
4357,20.7
4358,21.1
4359,22.2
4360,22
4361,21.2
4362,20.6
4363,19.7
4364,18.2
4365,17.1
4366,15.6
4367,14.6
4368,13.6
4369,12.8
4370,12.3
4371,11.6
4372,11
4373,10.8
4374,11.1
4375,12.8
4376,15
4377,17.7
4378,19.5
4379,20.7
4380,22.1
4381,24
4382,24.3
4383,25.1
4384,25.5
4385,25.3
4386,24.2
4387,23
4388,22.2
4389,21
4390,20.2
4391,19.7
4392,17.7
4393,16.6
4394,15.8
4395,14.8
4396,14.6
4397,14.5
4398,14.8
4399,14.3
4400,14.3
4401,15.1
4402,14.1
4403,14
4404,13.6
4405,13.8
4406,13.8
4407,13.6
4408,13.5
4409,13.3
4410,14.3
4411,14.1
4412,14.1
4413,13.3
4414,12.3
4415,11.6
4416,11.5
4417,11.3
4418,10.6
4419,11.1
4420,10.1
4421,9.5
4422,11.3
4423,12.8
4424,12.6
4425,14.3
4426,15.8
4427,17.1
4428,18
4429,17.6
4430,17.7
4431,16.7
4432,17.3
4433,17.2
4434,17.2
4435,16.6
4436,16.1
4437,15.8
4438,15.8
4439,15.6
4440,15.3
4441,15
4442,13
4443,11.8
4444,11.6
4445,12.1
4446,13
4447,14
4448,14.8
4449,16.2
4450,16.8
4451,17.7
4452,18.7
4453,19.8
4454,20
4455,20.3
4456,20.5
4457,21.1
4458,20.8
4459,20.5
4460,19.2
4461,18.2
4462,15.3
4463,13.1
4464,12
4465,11.6
4466,12.3
4467,13.3
4468,12.1
4469,11.1
4470,13.5
4471,16.5
4472,17.5
4473,19.1
4474,20.6
4475,20.7
4476,21.6
4477,22.2
4478,22.2
4479,22.2
4480,23
4481,22.7
4482,22.1
4483,21.5
4484,19.8
4485,18.6
4486,17.2
4487,15.1
4488,13.6
4489,12.6
4490,12
4491,11.6
4492,11.1
4493,10.8
4494,13.5
4495,15.5
4496,17.2
4497,19.1
4498,20.5
4499,21.2
4500,22.6
4501,22
4502,22.2
4503,23
4504,24
4505,22.8
4506,22.2
4507,22.2
4508,20.7
4509,19.3
4510,17.8
4511,16.2
4512,14.3
4513,14.1
4514,13.8
4515,13.6
4516,14
4517,14.1
4518,15.3
4519,17.3
4520,19.7
4521,21.2
4522,22.6
4523,24.3
4524,25.5
4525,26.3
4526,27.3
4527,26.6
4528,26.1
4529,26.1
4530,25.2
4531,24.7
4532,23.7
4533,22.3
4534,21.3
4535,20.2
4536,19.5
4537,19.1
4538,17.6
4539,17.2
4540,17
4541,18.2
4542,18.5
4543,19.1
4544,22
4545,22
4546,23.2
4547,28
4548,24.3
4549,26.1
4550,26.5
4551,27.3
4552,27.5
4553,27.5
4554,26.8
4555,26.2
4556,25.5
4557,24.2
4558,23.2
4559,22.1
4560,21.3
4561,20.5
4562,20.1
4563,19
4564,18.7
4565,18.2
4566,18.5
4567,19.7
4568,21.3
4569,24.1
4570,26.1
4571,27.6
4572,30.1
4573,31.2
4574,31.7
4575,32.2
4576,31.7
4577,31.2
4578,30.7
4579,29.8
4580,28.5
4581,27.1
4582,25.8
4583,24.6
4584,23.3
4585,22.2
4586,21.7
4587,21.1
4588,20.6
4589,20.2
4590,20.6
4591,21.3
4592,22.5
4593,24.2
4594,25.8
4595,27.7
4596,29.7
4597,30.5
4598,31.3
4599,31.7
4600,31.2
4601,29.3
4602,28.5
4603,24.7
4604,23.3
4605,22.6
4606,21.6
4607,20.5
4608,19.7
4609,18.6
4610,17.6
4611,17.7
4612,16.2
4613,16.8
4614,17.7
4615,20.7
4616,21.5
4617,23.3
4618,23.7
4619,24.2
4620,25.2
4621,25.2
4622,25.2
4623,26.7
4624,26.2
4625,24.8
4626,24.2
4627,23
4628,21.6
4629,20.8
4630,19.6
4631,18
4632,16.7
4633,17.1
4634,17.5
4635,16.2
4636,16.2
4637,15.5
4638,16.5
4639,19.7
4640,21.2
4641,23.1
4642,23.8
4643,25
4644,25.6
4645,26.7
4646,27.8
4647,27.7
4648,28.3
4649,28.8
4650,28.2
4651,27.2
4652,25.7
4653,23.7
4654,21.8
4655,21.2
4656,19.7
4657,20
4658,20.7
4659,20.7
4660,20.6
4661,20
4662,19.2
4663,18.5
4664,19.3
4665,21.6
4666,22.5
4667,23.5
4668,23
4669,23.1
4670,23.8
4671,23.6
4672,24.2
4673,24.5
4674,23.5
4675,23.2
4676,22
4677,20.2
4678,20.1
4679,17
4680,16.8
4681,16.2
4682,15.8
4683,15.8
4684,16.2
4685,16.6
4686,17.1
4687,18
4688,17.8
4689,19.2
4690,20.6
4691,21.2
4692,21.3
4693,22
4694,21.2
4695,21.5
4696,22.5
4697,22.3
4698,23.7
4699,20.2
4700,20.2
4701,19.1
4702,18.6
4703,17.8
4704,18.3
4705,18.3
4706,17.2
4707,15.6
4708,14.6
4709,14.1
4710,15.1
4711,16.8
4712,17.7
4713,18
4714,17.3
4715,19.7
4716,20.3
4717,20.3
4718,21.2
4719,22.2
4720,20.7
4721,21.8
4722,21.2
4723,20.2
4724,19.3
4725,18.5
4726,17.1
4727,17.2
4728,16.6
4729,16.2
4730,15.1
4731,14.5
4732,14.1
4733,14.5
4734,15.8
4735,16.6
4736,17.1
4737,17.6
4738,19.1
4739,18.3
4740,19.3
4741,21.2
4742,21.1
4743,20.7
4744,20.5
4745,19.8
4746,19.7
4747,19.3
4748,19
4749,18.7
4750,18.2
4751,17.6
4752,16.2
4753,17
4754,16.7
4755,16.8
4756,16.7
4757,16.6
4758,17.1
4759,17.5
4760,17.2
4761,17.2
4762,17.5
4763,18
4764,17.6
4765,17.2
4766,17.3
4767,17.6
4768,18.1
4769,18.7
4770,18.7
4771,18.8
4772,19
4773,19
4774,18.7
4775,18.3
4776,18.5
4777,18.7
4778,18.7
4779,18.8
4780,18.8
4781,18.8
4782,19
4783,19.2
4784,19.6
4785,20.2
4786,20.7
4787,21
4788,22.6
4789,21.8
4790,22.7
4791,22.6
4792,23.1
4793,22.5
4794,22.8
4795,22.2
4796,22.1
4797,20.6
4798,18.7
4799,17.7
4800,16.8
4801,16
4802,15.8
4803,16.5
4804,16
4805,15.6
4806,16.7
4807,18.3
4808,19.8
4809,22.2
4810,24.2
4811,25.2
4812,26
4813,27.1
4814,27.2
4815,27
4816,28.2
4817,28.2
4818,27.7
4819,26.7
4820,24.7
4821,23.7
4822,20.8
4823,20.1
4824,19
4825,18.7
4826,17.8
4827,16.7
4828,16.2
4829,16.3
4830,17.2
4831,20
4832,23.6
4833,26
4834,27.2
4835,29.2
4836,30.3
4837,31.3
4838,30.3
4839,30.6
4840,29.3
4841,29.1
4842,27.7
4843,24.8
4844,21.2
4845,20.6
4846,19.7
4847,19.3
4848,19.2
4849,19.1
4850,18.7
4851,18.2
4852,17.7
4853,17.1
4854,16.7
4855,17.2
4856,17.6
4857,17.8
4858,18.6
4859,19.6
4860,19.6
4861,20.2
4862,19.2
4863,19.6
4864,19.1
4865,18.7
4866,17.7
4867,16.3
4868,15.5
4869,14.3
4870,13.3
4871,12
4872,11.8
4873,11.3
4874,9.8
4875,9.3
4876,8.6
4877,8.3
4878,9.8
4879,14.1
4880,16.5
4881,17.1
4882,18.7
4883,19
4884,20
4885,19.7
4886,19.8
4887,20.3
4888,21.2
4889,22.2
4890,21.6
4891,21.3
4892,19.1
4893,16.2
4894,14.8
4895,14.6
4896,13.3
4897,13.6
4898,11.8
4899,11.1
4900,10.1
4901,11.1
4902,11.1
4903,15.1
4904,17.8
4905,20.5
4906,21.7
4907,22.7
4908,23.7
4909,24.1
4910,23.8
4911,24.2
4912,25.1
4913,24.3
4914,23.6
4915,22.6
4916,20.7
4917,19.2
4918,18.2
4919,17.6
4920,16.5
4921,15.8
4922,15.1
4923,14
4924,13.1
4925,12.6
4926,13.6
4927,15.1
4928,17.2
4929,19.7
4930,20.6
4931,21.8
4932,23.1
4933,24
4934,25
4935,25.2
4936,25.5
4937,25.6
4938,24.5
4939,23.7
4940,22.3
4941,20.7
4942,19.6
4943,18.6
4944,17.7
4945,16.8
4946,16.2
4947,15.8
4948,15.3
4949,14.6
4950,14.8
4951,16.5
4952,18.7
4953,21.2
4954,23.6
4955,25.7
4956,27.2
4957,28.5
4958,29.3
4959,30.5
4960,30.6
4961,31.5
4962,30.7
4963,29.2
4964,27.6
4965,26.7
4966,23.2
4967,21
4968,20.3
4969,19.7
4970,19.2
4971,18.3
4972,17.2
4973,17.5
4974,17.2
4975,18.2
4976,20
4977,21.7
4978,23.2
4979,24.1
4980,22.8
4981,21.1
4982,20
4983,19.2
4984,20.2
4985,22.2
4986,22.2
4987,21.2
4988,17.7
4989,17.5
4990,16.8
4991,17.2
4992,17.5
4993,17.2
4994,17.5
4995,17.7
4996,17.7
4997,17.6
4998,17.6
4999,18
5000,18.7
5001,20.5
5002,20.5
5003,21.7
5004,22.2
5005,23.5
5006,22.1
5007,22.3
5008,22.7
5009,23.5
5010,23.7
5011,23.6
5012,21.8
5013,20.1
5014,18.6
5015,17.5
5016,17.2
5017,17.2
5018,16
5019,15.1
5020,15.3
5021,15.3
5022,15.3
5023,17.5
5024,20.6
5025,22.5
5026,23.7
5027,24.5
5028,25
5029,25.2
5030,25.8
5031,26
5032,27.7
5033,26.7
5034,26.5
5035,25.7
5036,24.1
5037,22.7
5038,21.7
5039,21.1
5040,20.6
5041,20.1
5042,19
5043,18.3
5044,18.8
5045,18.5
5046,19.1
5047,20
5048,21.2
5049,23.7
5050,26.3
5051,27.7
5052,28.7
5053,29.2
5054,29.7
5055,29.7
5056,30.2
5057,29.8
5058,29.2
5059,28.7
5060,26.7
5061,24.8
5062,21.2
5063,19.1
5064,20.8
5065,19.8
5066,19.5
5067,18.6
5068,18.2
5069,17.7
5070,18.3
5071,20.7
5072,23.2
5073,26
5074,28
5075,29.8
5076,30.6
5077,30.7
5078,31.7
5079,31.4
5080,30.2
5081,30.5
5082,29.8
5083,28.5
5084,25.1
5085,23.4
5086,22.2
5087,20.7
5088,19.3
5089,18.7
5090,18.1
5091,18.3
5092,18.6
5093,18.5
5094,18.5
5095,18.7
5096,20.6
5097,20.7
5098,21
5099,21
5100,21.7
5101,22.1
5102,22.3
5103,23.3
5104,23.5
5105,22.5
5106,22
5107,20.8
5108,19.7
5109,18.4
5110,17.2
5111,16.7
5112,16
5113,16
5114,14.6
5115,13.5
5116,13.1
5117,12.5
5118,14.2
5119,15.1
5120,17.6
5121,20
5122,22
5123,23.7
5124,23.9
5125,24.6
5126,25.5
5127,25.8
5128,25.9
5129,25.5
5130,25
5131,23.6
5132,22.3
5133,20.4
5134,19.3
5135,19
5136,18.1
5137,17
5138,16.3
5139,15.2
5140,14.6
5141,13.9
5142,15.3
5143,17.6
5144,20.3
5145,23.3
5146,24.6
5147,25.5
5148,26.6
5149,26.3
5150,26.6
5151,27.2
5152,27.2
5153,26.9
5154,25.8
5155,24.8
5156,23.4
5157,22.5
5158,22.2
5159,21
5160,20
5161,19.2
5162,18.1
5163,17.8
5164,17.1
5165,16.1
5166,16.1
5167,18.2
5168,20.4
5169,22.1
5170,24.3
5171,25.9
5172,26.4
5173,26.7
5174,27.1
5175,27.7
5176,27.4
5177,27.1
5178,25.9
5179,24.9
5180,23.8
5181,22.7
5182,21.3
5183,20.6
5184,19.9
5185,19.6
5186,19.2
5187,18.4
5188,18.7
5189,18.3
5190,19.5
5191,19.9
5192,19.9
5193,19.9
5194,21.9
5195,24.7
5196,26.5
5197,27.4
5198,28.4
5199,29.3
5200,29.1
5201,29.1
5202,29.4
5203,27.4
5204,25.6
5205,22.9
5206,22.2
5207,23.5
5208,23
5209,21.9
5210,21.1
5211,19.4
5212,18.3
5213,17.2
5214,18.6
5215,20.7
5216,23
5217,24.6
5218,26.3
5219,27.3
5220,28.1
5221,29.5
5222,29.6
5223,29.2
5224,28.8
5225,26.7
5226,24
5227,22.2
5228,20.7
5229,20.2
5230,19.5
5231,18.5
5232,19.2
5233,19.1
5234,18.2
5235,17.6
5236,17.9
5237,18.5
5238,18.5
5239,19.1
5240,20.4
5241,21.3
5242,22.2
5243,22.9
5244,23
5245,22.9
5246,23.8
5247,25.2
5248,25.2
5249,25
5250,25.3
5251,24.3
5252,22.4
5253,21.2
5254,20.7
5255,20.7
5256,20.2
5257,19.1
5258,19.2
5259,18.4
5260,17.9
5261,18
5262,18.7
5263,20.6
5264,22.4
5265,24.4
5266,25.4
5267,26.5
5268,27.9
5269,28.7
5270,30.1
5271,30.6
5272,30.7
5273,30.4
5274,29.9
5275,28.5
5276,24.8
5277,23.5
5278,23.8
5279,23.3
5280,22.8
5281,22.2
5282,22
5283,21.7
5284,21.2
5285,21
5286,20.9
5287,22.2
5288,24.4
5289,26.2
5290,27.7
5291,28.9
5292,29.8
5293,31
5294,31.9
5295,32
5296,32
5297,31.4
5298,30.6
5299,29.2
5300,26.4
5301,25.9
5302,25.5
5303,24.7
5304,24.1
5305,24.2
5306,23.2
5307,22.5
5308,21.7
5309,20.7
5310,21.2
5311,22.2
5312,24.8
5313,24.9
5314,26.3
5315,27.2
5316,27.5
5317,27
5318,28.4
5319,22.3
5320,19.8
5321,19
5322,18.3
5323,18.8
5324,18.8
5325,18.9
5326,18.6
5327,18.4
5328,18.2
5329,18.2
5330,17.8
5331,18.1
5332,18.2
5333,18.3
5334,18.3
5335,18.7
5336,19.4
5337,20.4
5338,21.4
5339,22.8
5340,24.3
5341,25.5
5342,25.1
5343,25.4
5344,25.9
5345,25.9
5346,25
5347,22.8
5348,20.3
5349,17.4
5350,17.9
5351,18.7
5352,18.5
5353,18.1
5354,17.6
5355,16.9
5356,17
5357,18.4
5358,18.6
5359,19.6
5360,22.4
5361,23
5362,23.1
5363,22.3
5364,22.4
5365,20.5
5366,20.1
5367,19.9
5368,20.4
5369,18.8
5370,19
5371,18.6
5372,18.4
5373,18.1
5374,17.4
5375,17.3
5376,17.1
5377,16.4
5378,16.5
5379,16.3
5380,15.9
5381,15.9
5382,16
5383,16.2
5384,16.5
5385,16.8
5386,16.9
5387,17.4
5388,19.4
5389,18.5
5390,17.4
5391,17.9
5392,17.2
5393,17.4
5394,17
5395,16.5
5396,16.7
5397,16.6
5398,16.5
5399,16.5
5400,17.1
5401,17.3
5402,17.7
5403,17.4
5404,17.2
5405,16.5
5406,16.8
5407,17.9
5408,18.4
5409,18.2
5410,21
5411,21.3
5412,23.2
5413,23
5414,23.2
5415,23.7
5416,23.2
5417,21.8
5418,20.5
5419,20.4
5420,18.6
5421,17.7
5422,17.2
5423,15.9
5424,15.4
5425,13.9
5426,13.2
5427,14.5
5428,15.5
5429,15.7
5430,15.9
5431,16.7
5432,18.3
5433,20
5434,20.8
5435,22.2
5436,21.8
5437,23.6
5438,24.1
5439,23.6
5440,25
5441,23.3
5442,21.5
5443,19.5
5444,19
5445,18.5
5446,18.3
5447,18.1
5448,18.2
5449,18.2
5450,18
5451,18
5452,18.3
5453,18
5454,17.8
5455,17.8
5456,18.3
5457,18.2
5458,18.5
5459,19.7
5460,21.5
5461,19
5462,21.1
5463,21.1
5464,21.1
5465,20.8
5466,20.9
5467,19.6
5468,17.9
5469,15.3
5470,14.7
5471,15
5472,15.8
5473,16.1
5474,16.3
5475,16
5476,14.8
5477,14.1
5478,14.9
5479,16.8
5480,17.9
5481,19.3
5482,20.1
5483,21.2
5484,22
5485,22.2
5486,23.3
5487,23.8
5488,23.9
5489,23
5490,23.4
5491,22.9
5492,21.3
5493,19.6
5494,19.9
5495,19.5
5496,19.6
5497,18.9
5498,18.6
5499,17.8
5500,17.3
5501,17.2
5502,17.7
5503,18.7
5504,19.6
5505,20.5
5506,22.9
5507,23.1
5508,24.4
5509,25.4
5510,25.3
5511,25.8
5512,24.8
5513,24.9
5514,24
5515,23.7
5516,18.9
5517,18.9
5518,18.4
5519,18.2
5520,18.1
5521,17.8
5522,17.2
5523,17
5524,17.1
5525,17.1
5526,16.9
5527,17.5
5528,18.3
5529,18.8
5530,18.4
5531,18.8
5532,19.4
5533,20.6
5534,22.3
5535,23.1
5536,22.7
5537,21.4
5538,21.3
5539,20
5540,18.8
5541,17.9
5542,17.2
5543,16.8
5544,16
5545,15.7
5546,15.9
5547,15.7
5548,15.3
5549,15.5
5550,15.7
5551,16.1
5552,16.2
5553,16.5
5554,17.1
5555,17.8
5556,18.9
5557,18.2
5558,17.7
5559,18.1
5560,18.5
5561,18.9
5562,18.3
5563,16.1
5564,15.2
5565,15.1
5566,14.5
5567,13.4
5568,13.1
5569,13.3
5570,12.1
5571,12.4
5572,12.2
5573,13.2
5574,13.4
5575,14.8
5576,14.5
5577,14.4
5578,14.6
5579,14.4
5580,14.7
5581,17.4
5582,19.1
5583,16.9
5584,16.6
5585,17.7
5586,16.7
5587,15.7
5588,12
5589,10.2
5590,9.1
5591,8.9
5592,8
5593,9.6
5594,10.6
5595,11
5596,11.2
5597,10.3
5598,10.6
5599,12.6
5600,13.3
5601,14.4
5602,15.6
5603,17.6
5604,19.1
5605,20.1
5606,20.7
5607,20.7
5608,20.6
5609,20.4
5610,19.4
5611,16.7
5612,14.9
5613,13.7
5614,13.7
5615,11.9
5616,11.5
5617,11.4
5618,10.6
5619,10.7
5620,12.1
5621,12.5
5622,12.7
5623,13.2
5624,13.7
5625,13.6
5626,14
5627,14.8
5628,16
5629,18.9
5630,20.3
5631,21
5632,22.5
5633,22.1
5634,21.9
5635,21
5636,18.7
5637,15.9
5638,15.7
5639,16.9
5640,16.8
5641,14.5
5642,15
5643,15.6
5644,14.7
5645,15.1
5646,15.5
5647,15.8
5648,17.2
5649,18
5650,19.2
5651,20
5652,20.5
5653,20.2
5654,18.3
5655,14.7
5656,19.1
5657,18.6
5658,17
5659,16.5
5660,16.5
5661,16.3
5662,16.3
5663,15.9
5664,15.5
5665,15.2
5666,15
5667,14.9
5668,14.8
5669,14.7
5670,14.4
5671,15
5672,15.2
5673,14.7
5674,15
5675,16.3
5676,18.7
5677,18.6
5678,18.5
5679,19.1
5680,19.7
5681,19.5
5682,18.8
5683,17.2
5684,16.2
5685,15.8
5686,15.2
5687,15.4
5688,14.9
5689,15.4
5690,15.1
5691,15.3
5692,14.4
5693,14.9
5694,15.1
5695,16
5696,16.8
5697,16.6
5698,17
5699,18.4
5700,17.6
5701,19.3
5702,17.8
5703,18.9
5704,18.7
5705,17.5
5706,16.9
5707,16.2
5708,14.5
5709,13.2
5710,13.6
5711,14.8
5712,14.9
5713,15
5714,15.2
5715,15.1
5716,15.5
5717,15.5
5718,15.6
5719,15.7
5720,15.3
5721,15.1
5722,14.9
5723,15
5724,15.2
5725,15.3
5726,15.4
5727,15.5
5728,15.5
5729,16
5730,16.2
5731,16.2
5732,16.1
5733,16.2
5734,16.3
5735,16.4
5736,16.3
5737,14.9
5738,13.3
5739,13.3
5740,13.4
5741,13.5
5742,11.9
5743,13.7
5744,16.5
5745,17.6
5746,18.9
5747,19.5
5748,18.6
5749,19.4
5750,20.2
5751,19.3
5752,19.1
5753,18.6
5754,17.2
5755,15
5756,12.6
5757,11.5
5758,11.2
5759,9.9
5760,9.3
5761,8.8
5762,9.1
5763,9.3
5764,10.3
5765,10.2
5766,11.2
5767,12.8
5768,15
5769,17.8
5770,19.1
5771,19.8
5772,18.6
5773,17.6
5774,18.8
5775,19.1
5776,18.6
5777,17.8
5778,16.6
5779,16.3
5780,16.1
5781,16.3
5782,15.8
5783,15.4
5784,15.4
5785,14.7
5786,13.2
5787,12.7
5788,13
5789,13.1
5790,13.4
5791,14.1
5792,13.6
5793,14.9
5794,17.1
5795,17.2
5796,17.3
5797,16.5
5798,14.9
5799,15.3
5800,14
5801,16.1
5802,15
5803,15
5804,14.1
5805,14.4
5806,14.3
5807,14.2
5808,13.3
5809,13.2
5810,13.1
5811,12.7
5812,12.9
5813,13.6
5814,13.7
5815,13.5
5816,14
5817,14
5818,15.9
5819,16
5820,17
5821,18
5822,17.8
5823,18.6
5824,16.8
5825,16.8
5826,17
5827,15.8
5828,14.3
5829,12.7
5830,12.3
5831,13.1
5832,13.3
5833,13.8
5834,12.7
5835,12
5836,11.3
5837,10.9
5838,11.1
5839,13.9
5840,17.1
5841,19.9
5842,22.4
5843,25
5844,26.1
5845,26.6
5846,27.4
5847,27.5
5848,27.7
5849,27.5
5850,26.9
5851,25
5852,23
5853,21.7
5854,21.2
5855,20.1
5856,18.9
5857,17.2
5858,16.1
5859,14.7
5860,12.9
5861,11.1
5862,10.6
5863,12.6
5864,15.4
5865,19.2
5866,21
5867,22.5
5868,24.1
5869,25.7
5870,25.9
5871,26.4
5872,26.9
5873,26
5874,24.7
5875,22.5
5876,20.9
5877,19
5878,17.5
5879,16.1
5880,15.4
5881,14.8
5882,13.9
5883,14.6
5884,14.2
5885,13.6
5886,13.8
5887,14.5
5888,16.7
5889,20.1
5890,23.4
5891,25.2
5892,27.3
5893,27.8
5894,28.3
5895,28.1
5896,28.8
5897,28.3
5898,27
5899,23.3
5900,19.5
5901,17.7
5902,16.6
5903,16.9
5904,17.2
5905,16.6
5906,15.9
5907,15.5
5908,14.9
5909,14.8
5910,13.9
5911,14.1
5912,16.4
5913,19.6
5914,21.3
5915,23.3
5916,25.8
5917,26.2
5918,26.2
5919,25.8
5920,25
5921,23.6
5922,21.9
5923,20.3
5924,18.7
5925,17.5
5926,16.5
5927,16.1
5928,16.1
5929,16.4
5930,15.2
5931,13.5
5932,11.7
5933,12
5934,12.6
5935,12.1
5936,15.5
5937,16.6
5938,18.4
5939,18.5
5940,19.1
5941,19.5
5942,20.8
5943,21.4
5944,20.6
5945,19.9
5946,19
5947,18.2
5948,17.8
5949,17.6
5950,17.4
5951,15.7
5952,14.9
5953,14.6
5954,12.8
5955,14.4
5956,10.4
5957,12.4
5958,12
5959,13.3
5960,14
5961,14.8
5962,15.5
5963,15.4
5964,15.8
5965,16.1
5966,16.3
5967,16.5
5968,16.7
5969,15.9
5970,15.3
5971,14.4
5972,13.1
5973,12.7
5974,12.6
5975,13.1
5976,13
5977,13.1
5978,13.8
5979,13.9
5980,14
5981,13.8
5982,14
5983,13.9
5984,14.4
5985,15.1
5986,15.8
5987,14.9
5988,17
5989,16.2
5990,17.1
5991,16.9
5992,15.6
5993,16.7
5994,16.6
5995,16.4
5996,15.7
5997,15.7
5998,15.3
5999,14.9
6000,15.4
6001,14.5
6002,12.3
6003,13.5
6004,12
6005,13.8
6006,13.5
6007,14.1
6008,14.7
6009,15.1
6010,16.6
6011,17.1
6012,17.1
6013,18.8
6014,18.6
6015,19.1
6016,20
6017,19.6
6018,18.3
6019,16.1
6020,14.3
6021,13.6
6022,11.6
6023,10.2
6024,9.5
6025,8.5
6026,8.3
6027,9.5
6028,10.4
6029,11.6
6030,12.5
6031,12.9
6032,13.6
6033,14.6
6034,16.1
6035,17.2
6036,17.6
6037,18
6038,18.4
6039,19.1
6040,19.1
6041,19.3
6042,17.8
6043,16.2
6044,15.4
6045,13.8
6046,12.4
6047,11.6
6048,10.9
6049,11
6050,10
6051,8.3
6052,7.3
6053,6.8
6054,6.6
6055,7.4
6056,11.7
6057,14.2
6058,17.7
6059,20.8
6060,22
6061,22.5
6062,22.9
6063,23.2
6064,22.7
6065,22.3
6066,20.6
6067,19
6068,17.6
6069,16.8
6070,16
6071,14.8
6072,13.5
6073,13.3
6074,14.6
6075,14.3
6076,14.9
6077,14.1
6078,13.1
6079,13.3
6080,14.4
6081,16.6
6082,16.1
6083,15.5
6084,15.5
6085,15.1
6086,14.9
6087,15.3
6088,15.7
6089,15.5
6090,15.2
6091,13.9
6092,10.7
6093,9.9
6094,7.1
6095,5.9
6096,5.9
6097,5.2
6098,4.5
6099,3.8
6100,3.9
6101,2.9
6102,2.8
6103,4.1
6104,9.4
6105,13.9
6106,16
6107,16.3
6108,18.1
6109,16.5
6110,17.6
6111,18.2
6112,17.4
6113,16.6
6114,16.2
6115,14.6
6116,13.6
6117,12.3
6118,11.3
6119,9.3
6120,8
6121,7.6
6122,7.6
6123,5.4
6124,4.2
6125,3.5
6126,2.8
6127,3.9
6128,10.7
6129,15
6130,17.2
6131,18.6
6132,19.2
6133,20.7
6134,21.1
6135,20.6
6136,21.1
6137,20.8
6138,19.3
6139,16.1
6140,12.7
6141,12.7
6142,9.1
6143,7.7
6144,6.7
6145,6.5
6146,6.2
6147,6.4
6148,4.8
6149,5
6150,5.8
6151,6.6
6152,10.1
6153,13.3
6154,17.2
6155,20.6
6156,21.1
6157,22.3
6158,23.4
6159,23.2
6160,23.7
6161,23.2
6162,22
6163,18.1
6164,17
6165,16.9
6166,15.7
6167,16.7
6168,17.4
6169,17.1
6170,16.3
6171,16.1
6172,16.3
6173,16.6
6174,16.1
6175,16.5
6176,16.6
6177,17.5
6178,18
6179,18.2
6180,19.5
6181,19
6182,18.5
6183,19.1
6184,19.2
6185,17.6
6186,16.9
6187,16.4
6188,16.2
6189,15.8
6190,13.8
6191,12.8
6192,10.6
6193,9.3
6194,9.3
6195,8.5
6196,8.4
6197,8.2
6198,7.8
6199,8.3
6200,10.4
6201,12
6202,13.4
6203,13.9
6204,15
6205,16.4
6206,17.3
6207,17.9
6208,15.7
6209,15.8
6210,15.9
6211,16
6212,16.5
6213,16.8
6214,17.9
6215,18.2
6216,18.3
6217,18.1
6218,18.3
6219,17.3
6220,16.1
6221,15.1
6222,15.3
6223,14.8
6224,15.6
6225,16.8
6226,17.2
6227,17.3
6228,17.6
6229,17.3
6230,17.9
6231,18.2
6232,17.5
6233,18
6234,17.2
6235,16.2
6236,15.8
6237,15.3
6238,15.1
6239,15.3
6240,14.7
6241,13.8
6242,14.1
6243,13.2
6244,14.4
6245,14.3
6246,14.2
6247,14.4
6248,14.1
6249,14.6
6250,15.1
6251,15.5
6252,15.7
6253,16.2
6254,18.1
6255,19.1
6256,19.3
6257,18.8
6258,17.9
6259,15.7
6260,16.1
6261,16.5
6262,16.4
6263,16
6264,15.6
6265,14.7
6266,13.9
6267,13.3
6268,13.4
6269,12.5
6270,10.5
6271,9.9
6272,11
6273,15.2
6274,17.1
6275,16.7
6276,18.1
6277,17.5
6278,17.5
6279,18
6280,17.3
6281,16.5
6282,15.6
6283,13.8
6284,12.1
6285,11
6286,9.1
6287,8.2
6288,7
6289,6.8
6290,6.7
6291,6.6
6292,5.8
6293,5.9
6294,5.5
6295,5.5
6296,9.1
6297,10.2
6298,11.7
6299,13.5
6300,14.6
6301,15.5
6302,17.3
6303,17.1
6304,17.9
6305,17.8
6306,16.2
6307,12.5
6308,10.3
6309,9
6310,8.2
6311,7.6
6312,7.2
6313,6.6
6314,6.2
6315,6.2
6316,7.3
6317,7.4
6318,7.3
6319,6.8
6320,9.6
6321,12.4
6322,15.1
6323,16.4
6324,18.3
6325,19.8
6326,20.6
6327,21.4
6328,21.8
6329,21.2
6330,19.8
6331,15.3
6332,13
6333,12.2
6334,12.6
6335,14.7
6336,15.7
6337,15.7
6338,15.5
6339,17.2
6340,17.9
6341,18
6342,17.6
6343,17.9
6344,17.3
6345,17.6
6346,17.8
6347,14.5
6348,14.4
6349,14.4
6350,15.4
6351,16.8
6352,17.1
6353,16.2
6354,15.2
6355,13.9
6356,13.2
6357,13.4
6358,12.9
6359,13.1
6360,13
6361,13.9
6362,13.9
6363,12.9
6364,12.7
6365,12.7
6366,12.5
6367,13.1
6368,13.3
6369,14.3
6370,14.8
6371,15.9
6372,15.9
6373,16.5
6374,16.3
6375,16
6376,13.7
6377,13.5
6378,13.8
6379,13.9
6380,13.9
6381,14.1
6382,15
6383,16.1
6384,16.9
6385,17.1
6386,17.1
6387,17.3
6388,17.1
6389,17
6390,17.2
6391,17.5
6392,17.8
6393,18.4
6394,19.2
6395,19.5
6396,19.3
6397,19.5
6398,20
6399,19.7
6400,19.4
6401,18.5
6402,18.4
6403,18.5
6404,18.4
6405,18.5
6406,18.3
6407,17.9
6408,15.4
6409,14.7
6410,14.9
6411,14.9
6412,14.8
6413,14.8
6414,14.8
6415,14.9
6416,15
6417,14.9
6418,14.1
6419,15.1
6420,15.5
6421,15.5
6422,16
6423,15.6
6424,15.3
6425,15
6426,14.9
6427,14.7
6428,14.4
6429,14
6430,14.1
6431,14.2
6432,14
6433,14.1
6434,14
6435,13.9
6436,13.9
6437,13.9
6438,13.9
6439,13.9
6440,14.2
6441,14.1
6442,14.6
6443,15.1
6444,15.3
6445,14.9
6446,14.5
6447,14.9
6448,15
6449,16.3
6450,14.5
6451,13.8
6452,13.7
6453,13.5
6454,13
6455,12.9
6456,12.9
6457,12.4
6458,11.6
6459,12.1
6460,12.1
6461,11.6
6462,11.4
6463,11.2
6464,11.8
6465,12.2
6466,12.6
6467,12.9
6468,10.8
6469,11.5
6470,11.9
6471,12
6472,11.7
6473,11.5
6474,11.2
6475,10.9
6476,10.7
6477,10.6
6478,10.6
6479,10.9
6480,10.5
6481,10.5
6482,10.1
6483,10
6484,9.1
6485,8.7
6486,8.2
6487,7.5
6488,8.2
6489,9.9
6490,11.9
6491,13.3
6492,14.1
6493,14.8
6494,15.2
6495,14.1
6496,14.2
6497,14.2
6498,13.9
6499,13.9
6500,12.5
6501,12.1
6502,12.1
6503,12.1
6504,12.2
6505,12.1
6506,12.1
6507,11.9
6508,11.9
6509,11.9
6510,11.8
6511,11.7
6512,12.2
6513,12.7
6514,13
6515,13.1
6516,13.1
6517,13.6
6518,14.8
6519,16.1
6520,15.8
6521,16.1
6522,15
6523,14
6524,13
6525,13.3
6526,13.3
6527,12.9
6528,12.3
6529,12.3
6530,12.1
6531,12.3
6532,12.1
6533,12.1
6534,12.4
6535,12.3
6536,12
6537,12
6538,12.7
6539,13.7
6540,12.7
6541,14.3
6542,12.7
6543,10.9
6544,9.7
6545,10.5
6546,10.3
6547,10.1
6548,10
6549,9.5
6550,9.3
6551,9.4
6552,8.6
6553,8.6
6554,9.1
6555,9.3
6556,9.5
6557,9.5
6558,9.6
6559,9.8
6560,9.8
6561,10.2
6562,10.4
6563,10.9
6564,11.6
6565,12.6
6566,13.6
6567,15.8
6568,17.2
6569,17.5
6570,16.7
6571,15.3
6572,15
6573,12.8
6574,11.5
6575,10.3
6576,10
6577,10.6
6578,9.6
6579,9.1
6580,8.8
6581,6.5
6582,6
6583,6.8
6584,10
6585,12.1
6586,14.1
6587,15.6
6588,16.7
6589,16.5
6590,16.3
6591,16.7
6592,15.8
6593,15.6
6594,15.1
6595,14
6596,13.6
6597,13.6
6598,13.8
6599,13.3
6600,12.3
6601,11.1
6602,10.1
6603,10.3
6604,10.1
6605,11
6606,11.6
6607,12.1
6608,12.6
6609,13.1
6610,14.3
6611,16.7
6612,17.1
6613,17.5
6614,18.7
6615,18.7
6616,19.1
6617,18.3
6618,17.5
6619,17.2
6620,16.8
6621,16.7
6622,16.6
6623,16.7
6624,16
6625,15.8
6626,16.2
6627,16.2
6628,15.3
6629,15
6630,14.8
6631,15.5
6632,16
6633,16.7
6634,18.2
6635,18.8
6636,20.2
6637,21.5
6638,20.7
6639,20.2
6640,20
6641,19.7
6642,19.1
6643,18.5
6644,18.1
6645,18
6646,16.1
6647,14.3
6648,13.8
6649,13.8
6650,13.6
6651,14
6652,14.1
6653,13.8
6654,13.8
6655,13.6
6656,14
6657,14.3
6658,14.8
6659,14.6
6660,15.5
6661,16.5
6662,16.8
6663,17.6
6664,17.2
6665,15.8
6666,14.3
6667,12.6
6668,11.6
6669,11.1
6670,10.8
6671,10.5
6672,9.8
6673,9.8
6674,8.8
6675,8.6
6676,8.3
6677,8.3
6678,8.3
6679,8.3
6680,9
6681,11.3
6682,13.8
6683,15.8
6684,17.2
6685,18
6686,18.5
6687,18.6
6688,18.6
6689,17
6690,16
6691,15.3
6692,15
6693,14.6
6694,14.6
6695,14.6
6696,14.3
6697,14.5
6698,14.6
6699,14.3
6700,14.3
6701,14.6
6702,14.6
6703,14.3
6704,14.5
6705,16
6706,17.2
6707,17.5
6708,15.8
6709,15.5
6710,16.1
6711,17.2
6712,17.5
6713,17.6
6714,17.6
6715,17.2
6716,16.7
6717,16.8
6718,16.7
6719,16.5
6720,15.3
6721,14.3
6722,14.1
6723,13.8
6724,13.5
6725,12.8
6726,12
6727,11.8
6728,12.3
6729,14.1
6730,17.1
6731,18.7
6732,20.2
6733,21.7
6734,22.3
6735,23.2
6736,22.8
6737,21.2
6738,19.1
6739,17.6
6740,17.2
6741,16.8
6742,15.8
6743,14.6
6744,14.8
6745,14.3
6746,13.6
6747,13.6
6748,13.1
6749,13
6750,12.8
6751,12.8
6752,13.3
6753,14.1
6754,16.2
6755,17.8
6756,19.3
6757,20.2
6758,21.7
6759,22.3
6760,22.5
6761,21.6
6762,18.6
6763,16.7
6764,15.3
6765,14.5
6766,14
6767,12.5
6768,12.8
6769,12.1
6770,11
6771,11
6772,10
6773,10.1
6774,9.8
6775,10.3
6776,11.1
6777,12.3
6778,13.8
6779,16.1
6780,19
6781,21
6782,22.3
6783,21.8
6784,21.2
6785,19.7
6786,18.1
6787,16.7
6788,16.2
6789,15.3
6790,15
6791,14.5
6792,15.1
6793,15.1
6794,15
6795,14.8
6796,15.1
6797,14.8
6798,14.6
6799,14.3
6800,14.3
6801,14.3
6802,14.8
6803,15.3
6804,15.8
6805,17.2
6806,18.2
6807,19.3
6808,18.8
6809,18.2
6810,17.7
6811,16.7
6812,16.5
6813,16.5
6814,16.1
6815,15.6
6816,15.5
6817,15
6818,14.6
6819,14.5
6820,14.3
6821,14
6822,13.8
6823,13.8
6824,14
6825,14.6
6826,15.5
6827,15.8
6828,17.1
6829,17.7
6830,18.7
6831,19.6
6832,20.1
6833,18.7
6834,16.6
6835,15.1
6836,14.3
6837,13.5
6838,13.8
6839,13.3
6840,13
6841,12.8
6842,12.8
6843,13.3
6844,13.5
6845,13.6
6846,13.6
6847,14
6848,14.3
6849,14.6
6850,14.3
6851,13.8
6852,14.1
6853,14.8
6854,16.8
6855,18
6856,18.1
6857,16.5
6858,14.8
6859,13.3
6860,13.3
6861,12.8
6862,11.1
6863,11.6
6864,10.8
6865,11
6866,11.3
6867,10.6
6868,10.3
6869,9.6
6870,9.5
6871,9.5
6872,9.6
6873,11.6
6874,14.3
6875,16.3
6876,17.6
6877,18.8
6878,19
6879,18.7
6880,17.7
6881,17.2
6882,16
6883,14.8
6884,14.1
6885,13.8
6886,13.6
6887,13.3
6888,13.6
6889,13.8
6890,13.8
6891,14.1
6892,13.3
6893,13.3
6894,12.8
6895,12.3
6896,12.6
6897,14.1
6898,15.8
6899,17.2
6900,18.2
6901,19.3
6902,19.6
6903,19.5
6904,18.8
6905,18
6906,16.7
6907,16.5
6908,16.1
6909,15.5
6910,14.1
6911,12.5
6912,11.1
6913,12.8
6914,12.8
6915,11.5
6916,10.5
6917,11.8
6918,12.3
6919,12.8
6920,13.1
6921,12.8
6922,13.3
6923,13.6
6924,14.1
6925,14.8
6926,16.5
6927,16.7
6928,17.3
6929,16.1
6930,14.3
6931,12.8
6932,12.3
6933,12.6
6934,12.6
6935,13.8
6936,13.3
6937,13
6938,12.6
6939,12.5
6940,11.8
6941,11.3
6942,11.3
6943,10.8
6944,11.1
6945,12
6946,13.3
6947,14.3
6948,14.6
6949,14.3
6950,14.8
6951,15.8
6952,16.3
6953,16.2
6954,15.3
6955,14.8
6956,15.3
6957,15.3
6958,15.3
6959,15.6
6960,15.8
6961,16
6962,16.2
6963,16.6
6964,16.2
6965,15.3
6966,14.8
6967,14.3
6968,14.3
6969,15
6970,15.1
6971,15.1
6972,15.3
6973,14.8
6974,14.8
6975,15.3
6976,14.3
6977,13.6
6978,12
6979,9.6
6980,9.6
6981,8.6
6982,9.3
6983,11
6984,10
6985,10.6
6986,11
6987,11.1
6988,11.1
6989,10.6
6990,11.1
6991,11.3
6992,11.3
6993,12
6994,12.8
6995,13.5
6996,14.3
6997,14.6
6998,15.1
6999,14.8
7000,14.3
7001,14.1
7002,13.1
7003,13.3
7004,13.3
7005,13.5
7006,13.6
7007,13.8
7008,13.5
7009,13
7010,13.6
7011,13.1
7012,13
7013,13.3
7014,12.3
7015,12.3
7016,12.6
7017,13.8
7018,13.6
7019,14.3
7020,14.8
7021,13.1
7022,12.6
7023,12.8
7024,13
7025,12.3
7026,11.3
7027,8.8
7028,7.9
7029,7
7030,6.5
7031,5.9
7032,6
7033,4.1
7034,3.5
7035,3.2
7036,3.2
7037,3
7038,3
7039,3.2
7040,4.8
7041,6.5
7042,9.6
7043,11
7044,12.8
7045,12.3
7046,12.3
7047,12.6
7048,12.8
7049,10.1
7050,9.3
7051,8.8
7052,7.5
7053,7.5
7054,6.9
7055,5.6
7056,4.4
7057,3.5
7058,2.4
7059,2.7
7060,2.5
7061,2.5
7062,2.2
7063,2.4
7064,3.4
7065,5.1
7066,7.1
7067,8.8
7068,10.1
7069,11.1
7070,11.6
7071,11.6
7072,10.6
7073,9.8
7074,8.1
7075,6.3
7076,5.5
7077,4.5
7078,4.3
7079,3.5
7080,4.5
7081,3.7
7082,3.9
7083,3.5
7084,3.4
7085,2.2
7086,2.4
7087,2.2
7088,2.5
7089,5
7090,7.5
7091,10.3
7092,12.1
7093,13.3
7094,14.8
7095,15.3
7096,15.3
7097,14.5
7098,13.6
7099,13.1
7100,13.3
7101,12.6
7102,12.5
7103,11.6
7104,11.6
7105,11.6
7106,10.8
7107,10.3
7108,10.1
7109,9.8
7110,10
7111,10.1
7112,10.6
7113,12.1
7114,13.1
7115,15
7116,16.3
7117,17.6
7118,19
7119,19.2
7120,19.1
7121,17.8
7122,16.7
7123,16.6
7124,16
7125,15.6
7126,14.5
7127,14.3
7128,13.8
7129,13.1
7130,13.8
7131,14.1
7132,15.8
7133,16.1
7134,16.1
7135,16.2
7136,15.1
7137,14.6
7138,15.5
7139,15.6
7140,16
7141,15.8
7142,16.3
7143,15.8
7144,15.5
7145,12.1
7146,10.6
7147,10.1
7148,10.3
7149,10.1
7150,9.8
7151,7.5
7152,8.6
7153,7.6
7154,7.6
7155,7.8
7156,7.9
7157,8.3
7158,8.3
7159,8.6
7160,9
7161,9.8
7162,10.8
7163,12.1
7164,14
7165,15.3
7166,15.3
7167,15.3
7168,14.8
7169,15.3
7170,15.1
7171,15
7172,15
7173,15.3
7174,15.8
7175,15.1
7176,14.8
7177,14.5
7178,14.6
7179,14.6
7180,14
7181,14.6
7182,15.6
7183,15.8
7184,15.6
7185,15.6
7186,15.6
7187,15.6
7188,15.8
7189,16.2
7190,16.7
7191,17
7192,14.1
7193,13.3
7194,12.5
7195,12
7196,11.6
7197,11.8
7198,11.6
7199,11.3
7200,10.6
7201,10.3
7202,8.6
7203,6.8
7204,5.5
7205,4.5
7206,3.7
7207,3.7
7208,4
7209,6
7210,10.1
7211,12.6
7212,13.6
7213,14
7214,14.1
7215,13.6
7216,13
7217,10.5
7218,8.3
7219,6.9
7220,5.5
7221,4.8
7222,4.1
7223,3.2
7224,2.9
7225,2.4
7226,2.5
7227,2
7228,1.1
7229,1.5
7230,2
7231,1.2
7232,1
7233,4
7234,6.5
7235,9
7236,10.6
7237,12
7238,12.1
7239,12.1
7240,12.1
7241,11
7242,9.1
7243,8.3
7244,7.3
7245,6.5
7246,7
7247,5
7248,4.3
7249,3.2
7250,2.7
7251,3
7252,1.8
7253,0.8
7254,1.2
7255,1
7256,1.7
7257,2.5
7258,5.6
7259,8
7260,10.5
7261,11.5
7262,12.3
7263,12.3
7264,11.8
7265,10.8
7266,7.5
7267,6.5
7268,5.4
7269,4.9
7270,3.7
7271,2.7
7272,2.4
7273,2.2
7274,1.8
7275,1.5
7276,1.3
7277,1.2
7278,1.2
7279,0.8
7280,1
7281,2.5
7282,4.5
7283,6.5
7284,8.1
7285,11
7286,13.1
7287,13.5
7288,12.3
7289,11.2
7290,10
7291,9.8
7292,10.1
7293,10
7294,10.9
7295,11.4
7296,11.8
7297,11.9
7298,12.5
7299,12.7
7300,12.8
7301,12.8
7302,12.5
7303,11.8
7304,11.6
7305,11.4
7306,11.2
7307,11.6
7308,12.2
7309,12.3
7310,12.2
7311,12.5
7312,12.3
7313,11.2
7314,10.2
7315,9.5
7316,9.6
7317,9.4
7318,9
7319,9.5
7320,11.3
7321,12.5
7322,12.9
7323,13.1
7324,13.3
7325,13.1
7326,13.1
7327,13.3
7328,12.8
7329,12.7
7330,13.4
7331,13.8
7332,13.7
7333,14.4
7334,14.7
7335,14.6
7336,14.6
7337,14.3
7338,14.6
7339,14.6
7340,14.8
7341,14.3
7342,14.8
7343,14.9
7344,14.4
7345,14.1
7346,14
7347,14.2
7348,13.7
7349,13.5
7350,13.4
7351,13.4
7352,13.4
7353,13.8
7354,13.9
7355,14.2
7356,14.3
7357,14
7358,13.7
7359,13.5
7360,13.4
7361,13.5
7362,13.5
7363,13.8
7364,14
7365,14.3
7366,14.1
7367,14
7368,14
7369,14.1
7370,13.6
7371,13.9
7372,13.8
7373,13.6
7374,13.7
7375,14
7376,13.7
7377,13.1
7378,13.4
7379,13.7
7380,13.1
7381,13
7382,12.9
7383,12.9
7384,12.9
7385,12.9
7386,12.5
7387,12.3
7388,12.3
7389,12.3
7390,12.6
7391,11.8
7392,11.4
7393,12
7394,11.9
7395,11.6
7396,11.5
7397,10.8
7398,11
7399,10.2
7400,10.2
7401,9.9
7402,10.8
7403,11.3
7404,11.2
7405,10.4
7406,11.3
7407,10.8
7408,10.2
7409,8.9
7410,8.7
7411,8.6
7412,8
7413,9.1
7414,8.2
7415,8.4
7416,7.9
7417,7.9
7418,8.3
7419,9.2
7420,9.9
7421,10.3
7422,9.9
7423,10.7
7424,10.5
7425,11.6
7426,12.5
7427,12.2
7428,12
7429,13.4
7430,13.9
7431,14
7432,13.7
7433,12.9
7434,12.6
7435,12.3
7436,11.9
7437,11.7
7438,11.8
7439,11.3
7440,11.5
7441,11
7442,11
7443,11.1
7444,10.3
7445,10.3
7446,10.2
7447,10.2
7448,10.2
7449,10
7450,9.5
7451,9.8
7452,10.2
7453,9.7
7454,9.4
7455,8.4
7456,8.4
7457,8.2
7458,7.6
7459,7.2
7460,6.9
7461,7.3
7462,7.2
7463,7.1
7464,7
7465,6.8
7466,6.6
7467,5.6
7468,5
7469,5
7470,5.6
7471,6.4
7472,0.7
7473,7.7
7474,8.1
7475,8.9
7476,9.8
7477,10.1
7478,10.4
7479,10.1
7480,9.7
7481,7.6
7482,5.5
7483,4.7
7484,4.3
7485,4.3
7486,4.5
7487,3.9
7488,4.2
7489,5.4
7490,5.3
7491,6.2
7492,7.4
7493,7.1
7494,7.3
7495,7.4
7496,7.1
7497,7.3
7498,8.7
7499,10
7500,10
7501,10.3
7502,10.3
7503,10.8
7504,10.1
7505,9
7506,8.3
7507,7.5
7508,7
7509,5.9
7510,5.4
7511,5.8
7512,5.2
7513,6
7514,4.2
7515,4.3
7516,4.6
7517,5.1
7518,5.8
7519,6
7520,6
7521,6
7522,6.5
7523,6.8
7524,7.3
7525,7.4
7526,7.8
7527,8.1
7528,8.2
7529,8.1
7530,7.8
7531,7.6
7532,7.5
7533,7.7
7534,7.7
7535,6.9
7536,6.4
7537,6.4
7538,5.9
7539,5.7
7540,5.4
7541,5.1
7542,4.6
7543,3.8
7544,3.5
7545,3.5
7546,4.5
7547,5.4
7548,6.3
7549,6.7
7550,6.6
7551,6.7
7552,6.9
7553,7.4
7554,7.7
7555,7.7
7556,7.8
7557,9.4
7558,8.6
7559,9.1
7560,9
7561,9.5
7562,9.6
7563,9.3
7564,8.7
7565,8
7566,8.1
7567,8.1
7568,8.2
7569,8.6
7570,8.9
7571,9.4
7572,9.8
7573,9.8
7574,10
7575,9.6
7576,9.5
7577,8.9
7578,8.9
7579,8.1
7580,6.9
7581,6.2
7582,7.6
7583,7.6
7584,7.8
7585,8.2
7586,7.9
7587,7.7
7588,7.4
7589,7.2
7590,7.4
7591,6.7
7592,5.3
7593,4
7594,4.2
7595,8.1
7596,8
7597,8.7
7598,9
7599,8.2
7600,7.8
7601,5.8
7602,3.4
7603,3.4
7604,3.4
7605,2.4
7606,2
7607,1.4
7608,1.8
7609,1.9
7610,1.8
7611,1.7
7612,0
7613,-0.7
7614,0.5
7615,-0.3
7616,-0.6
7617,0.5
7618,2.7
7619,6.6
7620,7.6
7621,7.8
7622,8.6
7623,8.6
7624,7.8
7625,6.5
7626,3.9
7627,1.8
7628,1.4
7629,1.4
7630,0.5
7631,-0.5
7632,-1.2
7633,-1.1
7634,-1.3
7635,-1.8
7636,-1.5
7637,-1.6
7638,-1.2
7639,-1.5
7640,-1.7
7641,-1.2
7642,0
7643,2
7644,3.7
7645,4.6
7646,5
7647,4.8
7648,4.5
7649,3.1
7650,1.3
7651,0.1
7652,0.1
7653,0.8
7654,1.3
7655,1.7
7656,2
7657,1.8
7658,2.1
7659,2.3
7660,2.2
7661,2.3
7662,2.3
7663,2.1
7664,1.5
7665,2.1
7666,2.2
7667,3.9
7668,4.8
7669,5.1
7670,4.8
7671,4.5
7672,3.9
7673,3.9
7674,3.6
7675,3.6
7676,3.5
7677,3
7678,2.2
7679,1.2
7680,0.3
7681,-0.2
7682,0.4
7683,0.7
7684,0.7
7685,0.7
7686,0.9
7687,1.2
7688,1.4
7689,1.5
7690,1.5
7691,1.5
7692,2.1
7693,3
7694,2.4
7695,3.3
7696,3.7
7697,3.1
7698,3.3
7699,3.4
7700,3.3
7701,3.4
7702,3.4
7703,3.4
7704,3.3
7705,3.2
7706,3.2
7707,3.1
7708,3.1
7709,2.4
7710,2.8
7711,3
7712,2.8
7713,2.8
7714,3.2
7715,3.2
7716,3.3
7717,3.6
7718,3.6
7719,4
7720,4.1
7721,4.2
7722,4.4
7723,5.5
7724,6.1
7725,5.8
7726,5.4
7727,5.4
7728,4.9
7729,4.6
7730,4.3
7731,4.8
7732,3.9
7733,1.8
7734,2.1
7735,2.1
7736,2.7
7737,3.7
7738,4.9
7739,4.8
7740,4.4
7741,4.4
7742,4.6
7743,5.2
7744,4.4
7745,1
7746,1.1
7747,1
7748,0.8
7749,1.1
7750,1.6
7751,1.7
7752,2.6
7753,3.3
7754,4
7755,4.5
7756,4.7
7757,5.1
7758,5.2
7759,5.7
7760,6.3
7761,6.3
7762,6.5
7763,6.8
7764,6.8
7765,6.9
7766,6.9
7767,6.7
7768,6.6
7769,5
7770,5.5
7771,5.8
7772,5.8
7773,5.7
7774,5.3
7775,5
7776,4.1
7777,3
7778,4.5
7779,4.2
7780,4.9
7781,4.9
7782,4.3
7783,4.1
7784,2.9
7785,3.1
7786,3.9
7787,4.7
7788,5.9
7789,6.5
7790,5.2
7791,3.8
7792,3.2
7793,3.7
7794,4.2
7795,3.1
7796,3
7797,2.9
7798,3.2
7799,4.2
7800,4
7801,3.1
7802,2.5
7803,2.2
7804,2
7805,0.9
7806,2.1
7807,2.5
7808,2.5
7809,2.2
7810,3.1
7811,4.3
7812,5.5
7813,5.9
7814,6.7
7815,6.6
7816,6.2
7817,6
7818,5.5
7819,5.1
7820,4.9
7821,4.6
7822,3.8
7823,3.6
7824,3.4
7825,3.3
7826,3.4
7827,3.2
7828,2.8
7829,1.8
7830,1
7831,1
7832,0.9
7833,0.7
7834,0.7
7835,1.4
7836,2.3
7837,2.6
7838,4.3
7839,4.7
7840,4.2
7841,2.4
7842,0.3
7843,-0.8
7844,0.3
7845,2.3
7846,1.8
7847,1
7848,-0.6
7849,0.1
7850,-0.2
7851,-0.7
7852,1.4
7853,1.1
7854,1.1
7855,1.1
7856,0.9
7857,1.1
7858,1.1
7859,1.2
7860,1.8
7861,2.9
7862,5.4
7863,5.2
7864,4.4
7865,3.8
7866,3.7
7867,3.6
7868,3.1
7869,3
7870,2.7
7871,2.5
7872,2.7
7873,2.3
7874,2.3
7875,2.1
7876,1.6
7877,2.1
7878,2.6
7879,3
7880,3.2
7881,3.6
7882,3.7
7883,4
7884,4.3
7885,4.9
7886,5.4
7887,5.7
7888,6
7889,6.1
7890,5.9
7891,5.8
7892,5.5
7893,5.8
7894,5.7
7895,6
7896,5.9
7897,5.9
7898,6.1
7899,6
7900,6
7901,5.5
7902,4.5
7903,3.9
7904,4.4
7905,4.9
7906,5.1
7907,5.2
7908,5
7909,4.6
7910,4.2
7911,4
7912,4
7913,3.6
7914,2.1
7915,2.4
7916,2.7
7917,2.1
7918,1.8
7919,0.9
7920,1.2
7921,1.5
7922,1.9
7923,1
7924,-0.2
7925,0.5
7926,0.7
7927,1
7928,1.5
7929,1.6
7930,2
7931,2
7932,2.5
7933,2.6
7934,2.4
7935,2.4
7936,2.3
7937,1.5
7938,0.8
7939,0.4
7940,-1.2
7941,-1.3
7942,-0.5
7943,-0.2
7944,0.5
7945,-0.7
7946,0.6
7947,0.7
7948,0.4
7949,0.6
7950,1.2
7951,0.9
7952,1.2
7953,1.1
7954,1.8
7955,3.2
7956,3.9
7957,4.1
7958,5.2
7959,5.1
7960,3.7
7961,1.8
7962,0.8
7963,0.3
7964,0.5
7965,1.1
7966,1.3
7967,-0.6
7968,-0.9
7969,1.4
7970,-0.1
7971,0.1
7972,0.7
7973,1.4
7974,1.8
7975,2.2
7976,2.3
7977,2.2
7978,2.1
7979,2.5
7980,3.5
7981,4.1
7982,5.3
7983,6
7984,5.7
7985,5.3
7986,5.1
7987,4.2
7988,5.1
7989,3.2
7990,3.5
7991,4.9
7992,5.1
7993,4.4
7994,4.5
7995,4.6
7996,4.8
7997,5
7998,5.5
7999,5.1
8000,5.2
8001,4.4
8002,6.2
8003,5.7
8004,4.8
8005,4.9
8006,5.6
8007,5.8
8008,5.4
8009,3.8
8010,2.7
8011,2.8
8012,2.5
8013,2.2
8014,3.3
8015,2.2
8016,0.5
8017,0.4
8018,1.8
8019,2.1
8020,1.6
8021,2.5
8022,1.7
8023,1.4
8024,2.8
8025,2.4
8026,3.6
8027,4.3
8028,4.4
8029,5.2
8030,5.8
8031,0.6
8032,6.3
8033,6.6
8034,6.7
8035,6.9
8036,7.4
8037,7.9
8038,7.9
8039,7.5
8040,6.9
8041,7.1
8042,8.3
8043,8
8044,7.4
8045,7
8046,7
8047,6.9
8048,7.1
8049,6.9
8050,6.9
8051,7.3
8052,7.5
8053,7.6
8054,7.9
8055,8
8056,8
8057,7.8
8058,8
8059,7.8
8060,7.5
8061,7.6
8062,7.4
8063,6.7
8064,6.4
8065,6.5
8066,6.1
8067,5.5
8068,5
8069,3.6
8070,3.2
8071,3.4
8072,3.4
8073,3.9
8074,3.9
8075,4.9
8076,5.4
8077,5.9
8078,6.2
8079,6.5
8080,6.8
8081,7.8
8082,8.1
8083,8.1
8084,7.9
8085,8.2
8086,8.7
8087,8.5
8088,8.6
8089,8.6
8090,8.4
8091,8
8092,7.7
8093,7.5
8094,7.3
8095,7.1
8096,7
8097,6.5
8098,7.1
8099,7.5
8100,7.3
8101,7.7
8102,8
8103,7.6
8104,7
8105,6.7
8106,6.3
8107,6
8108,5.6
8109,5.7
8110,5.5
8111,5.2
8112,4.7
8113,4.3
8114,4.3
8115,3.9
8116,4.1
8117,4.2
8118,4.1
8119,4.4
8120,4.7
8121,4.8
8122,5.1
8123,5.8
8124,6.4
8125,6.7
8126,6.8
8127,6.9
8128,6.3
8129,5.4
8130,5.4
8131,4.8
8132,4
8133,3.8
8134,3.9
8135,4
8136,4
8137,3.9
8138,4
8139,4.2
8140,4.1
8141,4.1
8142,3.8
8143,4.1
8144,3.7
8145,3.6
8146,5.2
8147,5.8
8148,6.5
8149,6.8
8150,7.2
8151,7
8152,6.8
8153,6.5
8154,6.2
8155,6.2
8156,5.9
8157,6
8158,5.7
8159,5.6
8160,5.4
8161,5.4
8162,5.2
8163,5.3
8164,5.2
8165,5.3
8166,5.2
8167,5.3
8168,5.4
8169,5.4
8170,5.5
8171,5.6
8172,6
8173,6.1
8174,6.5
8175,6.8
8176,6.5
8177,5.4
8178,5.2
8179,4.8
8180,4.7
8181,4.6
8182,4.4
8183,4.2
8184,3.8
8185,3.6
8186,3.3
8187,3.5
8188,3.3
8189,2.9
8190,2.7
8191,2.3
8192,2.2
8193,1.9
8194,1.8
8195,1.8
8196,2
8197,1.8
8198,2.2
8199,2
8200,1.8
8201,1.2
8202,1.6
8203,1.5
8204,0.5
8205,0.6
8206,0.9
8207,0.9
8208,1.1
8209,0.6
8210,0.5
8211,0.3
8212,0
8213,-0.1
8214,-0.2
8215,-0.3
8216,-0.2
8217,-0.1
8218,-0.1
8219,-0.3
8220,-0.3
8221,-0.3
8222,-0.3
8223,-0.3
8224,-0.5
8225,-0.6
8226,-0.6
8227,-0.5
8228,-0.4
8229,-0.5
8230,-0.5
8231,-0.5
8232,-0.4
8233,-0.4
8234,-0.3
8235,-0.3
8236,-0.3
8237,-0.3
8238,-0.2
8239,-0.3
8240,-0.3
8241,-0.4
8242,-0.4
8243,-0.5
8244,-0.4
8245,-0.3
8246,-0.3
8247,-0.3
8248,-0.4
8249,-0.4
8250,-0.5
8251,-0.4
8252,-0.6
8253,-0.6
8254,-0.7
8255,-0.7
8256,-0.9
8257,-1
8258,-1
8259,-1.1
8260,-1
8261,-0.8
8262,-0.8
8263,-0.8
8264,-0.7
8265,-0.8
8266,-0.8
8267,-0.9
8268,-0.8
8269,-0.9
8270,-1
8271,-1
8272,-1
8273,-1.2
8274,-1.1
8275,-1.1
8276,-1.2
8277,-1.2
8278,-1.4
8279,-1.2
8280,-1.2
8281,-1.2
8282,-1.2
8283,-1.1
8284,-1.1
8285,-1.3
8286,-1.5
8287,-1.3
8288,-1.1
8289,-1.2
8290,-1.2
8291,-1.1
8292,-0.9
8293,-0.6
8294,-0.3
8295,-0.3
8296,-0.5
8297,-0.4
8298,-0.1
8299,0
8300,0.1
8301,0.2
8302,0.2
8303,0.3
8304,0.4
8305,0.4
8306,0.4
8307,0.5
8308,0.5
8309,0.6
8310,0.6
8311,0.7
8312,0.7
8313,0.8
8314,1.1
8315,1.6
8316,2.7
8317,3.6
8318,4.2
8319,4.7
8320,4.2
8321,3.7
8322,3.4
8323,2.1
8324,0.6
8325,-0.8
8326,-0.8
8327,-1.5
8328,-1.9
8329,-2
8330,-3.1
8331,-3.1
8332,-4
8333,-4.4
8334,-4.5
8335,-4.5
8336,-4.5
8337,-3.7
8338,-0.2
8339,0.6
8340,1.8
8341,2.7
8342,3.1
8343,3.6
8344,3.1
8345,2.3
8346,2.1
8347,1.9
8348,1.7
8349,1.6
8350,1.8
8351,2
8352,2.5
8353,2.7
8354,3.3
8355,3.5
8356,4
8357,4.7
8358,5.1
8359,5.3
8360,6.6
8361,7.3
8362,7.6
8363,8.2
8364,8.7
8365,9.1
8366,9
8367,9
8368,8.7
8369,8.3
8370,7.7
8371,7.5
8372,6.5
8373,6.2
8374,5.1
8375,5.8
8376,6.4
8377,6.1
8378,5.5
8379,4.5
8380,5
8381,5.4
8382,5.9
8383,5.9
8384,6
8385,5.9
8386,5.8
8387,6
8388,6
8389,6.3
8390,6.3
8391,6.2
8392,6.2
8393,5.5
8394,5
8395,4.7
8396,4.3
8397,3.8
8398,3.7
8399,3.2
8400,3.5
8401,3.3
8402,3.4
8403,3.1
8404,2.4
8405,2.3
8406,2.3
8407,1.8
8408,3.3
8409,3.6
8410,3.8
8411,4.1
8412,4.4
8413,4.4
8414,4.3
8415,4.1
8416,3.7
8417,3.2
8418,2.7
8419,2.5
8420,2.4
8421,2.3
8422,2.4
8423,2.1
8424,2.2
8425,2.1
8426,2.2
8427,2.3
8428,2.6
8429,2.8
8430,3
8431,3.3
8432,3.7
8433,4.2
8434,4.5
8435,5
8436,5.7
8437,5.8
8438,6.2
8439,6.6
8440,6.9
8441,7
8442,7.2
8443,7.2
8444,7.2
8445,7.3
8446,7.5
8447,8
8448,8
8449,7.6
8450,7.3
8451,7.7
8452,7.8
8453,7.8
8454,7.8
8455,7.5
8456,7.6
8457,7.7
8458,6.6
8459,6.2
8460,5.9
8461,5.7
8462,5.5
8463,5.4
8464,5.4
8465,5.4
8466,5.3
8467,5.2
8468,5
8469,4.9
8470,4.6
8471,4.3
8472,3.9
8473,3.5
8474,3.2
8475,2.5
8476,1.9
8477,1.5
8478,1.1
8479,0.7
8480,0.4
8481,0.3
8482,-0.2
8483,-0.2
8484,0
8485,0.1
8486,0
8487,0
8488,-0.1
8489,-0.3
8490,-0.4
8491,-0.6
8492,-0.8
8493,-1.2
8494,-1.6
8495,-2
8496,-2.4
8497,-2.6
8498,-2.9
8499,-3.2
8500,-3.6
8501,-4
8502,-4.2
8503,-4.3
8504,-4.4
8505,-4.6
8506,-4.5
8507,-3.8
8508,-3.1
8509,-2.4
8510,-1.2
8511,-0.9
8512,-1.5
8513,-2.5
8514,-3.2
8515,-3.6
8516,-3.9
8517,-4.3
8518,-4.3
8519,-4.6
8520,-4.6
8521,-4.7
8522,-4.9
8523,-4.9
8524,-5.1
8525,-5.4
8526,-5.2
8527,-5.2
8528,-5.1
8529,-5
8530,-3.6
8531,-2.7
8532,-0.6
8533,2.3
8534,2.4
8535,2.2
8536,1.5
8537,0.2
8538,-0.7
8539,-1.2
8540,-1.2
8541,-1.1
8542,-1.4
8543,-2.1
8544,-2.3
8545,-2.7
8546,-2.9
8547,-2.6
8548,-2.5
8549,-2.7
8550,-3
8551,-3.3
8552,-3.4
8553,-3.6
8554,-3.6
8555,-3.6
8556,-1.8
8557,-0.7
8558,-0.3
8559,-0.3
8560,-0.8
8561,-1.6
8562,-2.1
8563,-2.3
8564,-2.7
8565,-3.3
8566,-3.8
8567,-4
8568,-4
8569,-4.3
8570,-4.3
8571,-4.5
8572,-5
8573,-5
8574,-5.5
8575,-5.5
8576,-5.8
8577,-6
8578,-5.5
8579,-4.4
8580,-3.1
8581,-2.3
8582,-1.6
8583,-1.6
8584,-2
8585,-2.7
8586,-3.5
8587,-4.1
8588,-4.6
8589,-4.9
8590,-5.5
8591,-6.3
8592,-6.9
8593,-6.5
8594,-5.5
8595,-4.3
8596,-3.8
8597,-3.5
8598,-3.5
8599,-3.2
8600,-2.7
8601,-2.6
8602,-1.9
8603,-1.6
8604,0
8605,-0.6
8606,-0.4
8607,-0.6
8608,-0.6
8609,-0.5
8610,-1.1
8611,-1.7
8612,-2.9
8613,-3.6
8614,-4.3
8615,-4.7
8616,-4.8
8617,-5.4
8618,-5.8
8619,-6.1
8620,-6.9
8621,-7.1
8622,-7.4
8623,-7.9
8624,-7.7
8625,-8.7
8626,-6.8
8627,-4.7
8628,-2.8
8629,-1.8
8630,-0.7
8631,-0.9
8632,-1.5
8633,-3.8
8634,-4.2
8635,-5.4
8636,-6.7
8637,-7.9
8638,-5.3
8639,-5.4
8640,-5.5
8641,-5.4
8642,-5
8643,-4.6
8644,-4.5
8645,-4.3
8646,-4.4
8647,-4.5
8648,-4.4
8649,-4.5
8650,-4.5
8651,-4.2
8652,-4
8653,-3.6
8654,-3.4
8655,-3.3
8656,-3.4
8657,-3.8
8658,-4.2
8659,-4.7
8660,-5.5
8661,-6.4
8662,-6.9
8663,-7.6
8664,-7.3
8665,-8.4
8666,-8.4
8667,-8.4
8668,-9.1
8669,-9.8
8670,-9.8
8671,-10
8672,-10
8673,-10
8674,-9.9
8675,-8.1
8676,-7.1
8677,-6.1
8678,-5.3
8679,-5.5
8680,-6.1
8681,-7.2
8682,-7.5
8683,-8.1
8684,-8.7
8685,-9.6
8686,-10
8687,-10
8688,-10
8689,-10
8690,-10
8691,-11
8692,-10
8693,-10
8694,-8.9
8695,-8
8696,-7.4
8697,-6.4
8698,-5.9
8699,-5.8
8700,-4.6
8701,-4.2
8702,-3.9
8703,-3.6
8704,-3
8705,-2.2
8706,-1.4
8707,-0.5
8708,0.6
8709,1.4
8710,2.1
8711,1
8712,0.4
8713,0.3
8714,0
8715,-0.1
8716,-0.2
8717,-0.4
8718,-0.7
8719,-0.5
8720,-0.2
8721,-0.1
8722,-0.1
8723,-0.2
8724,-0.3
8725,-0.7
8726,-0.8
8727,-1
8728,-1.1
8729,-1.2
8730,-1.4
8731,-1.6
8732,-1.3
8733,-1.1
8734,-0.9
8735,-4.1
8736,-5.4
8737,-5.7
8738,-6.8
8739,-7.5
8740,-8.4
8741,-9.4
8742,-9.4
8743,-9.8
8744,-10
8745,-10
8746,-10
8747,-9.4
8748,-8.1
8749,-8
8750,-7.8
8751,-8.2
8752,-9.1
8753,-10
8754,-10
8755,-10
8756,-10
8757,-11
8758,-11
8759,-11
8760,-11
